700001
700002
700003
700004
700005
700006
700007
700008
700009
700010
700011
700012
700013
700014
700015
700016
700017
700018
700019
700020
700021
700022
700023
700024
700025
700026
700027
700028
700029
700030
700031
700032
700033
700034
700035
700036
700037
700038
700039
700040
700041
700042
700043
700044
700045
700046
700047
700048
700049
700050
700051
700052
700053
700054
700055
700056
700057
700058
700059
700060
700061
700062
700063
700064
700065
700066
700067
700068
700069
70006C
700070
700071
700072
700073
700074
700075
700076
700077
700078
700079
700080
700081
700082
700083
700084
700085
700086
700087
700088
700089
700090
700091
700092
700093
700094
700095
700096
700097
700098
700099
700100
700101
700102
700103
700104
700105
700106
700107
700108
700109
700110
700111
700112
700113
700114
700115
700116
700117
700118
700119
700120
700121
700122
700123
700124
700125
700126
700127
700128
700129
700130
700131
700132
700133
700134
700135
700136
700137
700138
700139
700140
700141
700142
700143
700144
700145
700146
700147
700148
700149
700150
700151
700152
700153
700154
700155
700156
700157
700158
700159
700160
700161
700162
700163
700164
700165
700166
700167
700168
700169
700170
700171
700172
700173
700174
700175
700176
700177
700178
700179
700180
700181
700182
700183
700184
700185
700186
700187
700188
700189
700190
700191
700192
700193
700194
700195
700196
700197
700198
700199
700200
700201
700202
700203
700204
700205
700206
700207
700208
700209
700210
700211
700212
700213
700214
700215
700216
700217
700218
700219
700220
700221
700222
700223
700224
700225
700226
700227
700228
700229
700230
700231
700232
700233
700234
700235
700236
700237
700238
700239
700240
700241
700242
700243
700244
700245
700246
700247
700248
700249
700250
700251
700252
700253
700254
700255
700256
700257
700258
700259
700260
700261
700262
700263
700264
700265
700266
700267
700268
700269
700270
700271
700272
700273
700274
700275
700276
700277
700278
700279
700280
700281
700282
700283
700284
700285
700286
700287
700288
700289
700290
700291
700292
700293
700294
700295
700296
700297
700298
700299
700300
700301
700302
700303
700304
700305
700306
700307
700308
700309
700310
700311
700312
700313
700314
700315
700316
700317
700318
700319
700320
700321
700322
700323
700324
700325
700326
700327
700328
700329
700330
700331
700332
700333
700334
700335
700336
700337
700338
700339
700340
700341
700342
700343
700344
700345
700346
700347
700348
700349
700350
700351
700352
700353
700354
700355
700356
700357
700358
700359
700360
700361
700362
700363
700364
700365
700366
700367
700368
700369
700370
700371
700372
700373
700374
700375
700376
700377
700378
700379
700380
700381
700382
700383
700384
700385
700386
700387
700388
700389
700390
700391
700392
700393
700394
700395
700396
700397
700398
700399
700400
700401
700402
700403
700404
700405
700406
700407
700408
700409
700410
700411
700412
700413
700414
700415
700416
700417
700418
700419
700420
700421
700422
700423
700424
700425
700426
700427
700428
700429
700430
700431
700432
700433
700434
700435
700436
700437
700438
700439
700440
700441
700442
700443
700444
700445
700446
700447
700448
700449
700450
700451
700452
700453
700454
700455
700456
700457
700458
700459
700460
700461
700462
700463
700464
700465
700466
700467
700468
700469
700470
700471
700472
700473
700474
700475
700476
700477
700478
700479
700480
700481
700482
700483
700484
700485
700486
700487
700488
700489
700490
700491
700492
700493
700494
700495
700496
700497
700498
700499
700500
700501
700502
700503
700504
700505
700506
700507
700508
700509
700510
700511
700512
700513
700514
700515
700516
700517
700518
700519
700520
700521
700522
700523
700524
700525
700526
700527
700528
700529
700530
700531
700532
700533
700534
700535
700536
700537
700538
700539
700540
700541
700542
700543
700544
700545
700546
700547
700548
700549
700550
700551
700552
700553
700554
700555
700556
700557
700558
700559
700560
700561
700562
700563
700564
700565
700566
700567
700568
700569
700570
700571
700572
700573
700574
700575
700576
700577
700578
700579
700580
700581
700582
700583
700584
700585
700586
700587
700588
700589
700590
700591
700592
700593
700594
700595
700596
700597
700598
700599
700600
700601
700602
700603
700604
700605
700606
700607
700608
700609
700610
700611
700612
700613
700614
700615
700616
700617
700618
700619
700620
700621
700622
700623
700624
700625
700626
700627
700628
700629
700630
700631
700632
700633
700634
700635
700636
700637
700638
700639
700640
700641
700642
700643
700644
700645
700646
700647
700648
700649
700650
700651
700652
700653
700654
700655
700656
700657
700658
700659
700660
700661
700662
700663
700664
700665
700666
700667
700668
700669
700670
700671
700672
700673
700674
700675
700676
700677
700678
700679
700680
700681
700682
700683
700684
700685
700686
700687
700688
700689
700690
700691
700692
700693
700694
700695
700696
700697
700698
700699
700700
700701
700702
700703
700704
700705
700706
700707
700708
700709
700710
700711
700712
700713
700714
700715
700716
700717
700718
700719
700720
700721
700722
700723
700724
700725
700726
700727
700728
700729
700730
700731
700732
700733
700734
700735
700736
700737
700738
700739
700740
700741
700742
700743
700744
700745
700746
700747
700748
700749
700750
700751
700752
700753
700754
700755
700756
700757
700758
700759
700760
700761
700762
700763
700764
700765
700766
700767
700768
700769
700770
700771
700772
700773
700774
700775
700776
700777
700778
700779
700780
700781
700782
700783
700784
700785
700786
700787
700788
700789
700790
700791
700792
700793
700794
700795
700796
700797
700798
700799
700800
700801
700802
700803
700804
700805
700806
700807
700808
700809
700810
700811
700812
700813
700814
700815
700816
700817
700818
700819
700820
700821
700822
700823
700824
700825
700826
700827
700828
700829
700830
700831
700832
700833
700834
700835
700836
700837
700838
700839
700840
700841
700842
700843
700844
700845
700846
700847
700848
700849
700850
700851
700852
700853
700854
700855
700856
700857
700858
700859
700860
700861
700862
700863
700864
700865
700866
700867
700868
700869
700870
700871
700872
700873
700874
700875
700876
700877
700878
700879
700880
700881
700882
700883
700884
700885
700886
700887
700888
700889
700890
700891
700892
700893
700894
700895
700896
700897
700898
700899
700900
700901
700902
700903
700904
700905
700906
700907
700908
700909
700910
700911
700912
700913
700914
700915
700916
700917
700918
700919
700920
700921
700922
700923
700924
700925
700926
700927
700928
700929
700930
700931
700932
700933
700934
700935
700936
700937
700938
700939
700940
700941
700942
700943
700944
700945
700946
700947
700948
700949
700950
700951
700952
700953
700954
700955
700956
700957
700958
700959
700960
700961
700962
700963
700964
700965
700966
700967
700968
700969
700970
700971
700972
700973
700974
700975
700976
700977
700978
700979
700980
700981
700982
700983
700984
700985
700986
700987
700988
700989
700990
700991
700992
700993
700994
700995
700996
700997
700998
700999
701000
701001
701002
701003
701004
701005
701006
701007
701008
701009
701010
701011
701012
701013
701014
701015
701016
701017
701018
701019
701020
701021
701022
701023
701024
701025
701026
701027
701028
701029
701030
701031
701032
701033
701034
701035
701036
701037
701038
701039
701040
701041
701042
701043
701044
701045
701046
701047
701048
701049
701050
701051
701052
701053
701054
701055
701056
701057
701058
701059
701060
701061
701062
701063
701064
701065
701066
701067
701068
701069
701070
701071
701072
701073
701074
701075
701076
701077
701078
701079
701080
701081
701082
701083
701084
701085
701086
701087
701088
701089
701090
701091
701092
701093
701094
701095
701096
701097
701098
701099
701100
701101
701102
701103
701104
701105
701106
701107
701108
701109
701110
701111
701112
701113
701114
701115
701116
701117
701118
701119
701120
701121
701122
701123
701124
701125
701126
701127
701128
701129
701130
701131
701132
701133
701134
701135
701136
701137
701138
701139
701140
701141
701142
701143
701144
701145
701146
701147
701148
701149
701150
701151
701152
701153
701154
701155
701156
701157
701158
701159
701160
701161
701162
701163
701164
701165
701166
701167
701168
701169
701170
701171
701172
701173
701174
701175
701176
701177
701178
701179
701180
701181
701182
701183
701184
701185
701186
701187
701188
701189
701190
701191
701192
701193
701194
701195
701196
701197
701198
701199
701200
701201
701202
701203
701204
701205
701206
701207
701208
701209
701211
701212
701213
701214
701215
701216
701217
701218
701219
701220
701221
701222
701223
701224
701225
701226
701227
701228
701229
701230
701231
701232
701233
701234
701235
701236
701237
701238
701239
701240
701241
701242
701243
701244
701245
701246
701247
701248
701249
701250
701251
701252
701253
701254
701255
701256
701257
701258
701259
701260
701261
701262
701263
701264
701266
701267
701269
701270
701271
701272
701273
701274
701275
701276
701277
701278
701279
701280
701281
701282
701283
701284
701285
701286
701287
701288
701289
701290
701291
701292
701293
701294
701295
701296
701297
701298
701299
701300
701301
701302
701303
701304
701305
701306
701307
701308
701309
701310
701311
701312
701313
701314
701315
701316
701317
701318
701319
701320
701321
701322
701323
701324
701325
701326
701327
701328
701329
701330
701331
701332
701333
701334
701335
701336
701337
701338
701339
701340
701341
701342
701343
701344
701345
701346
701347
701348
701349
701350
701351
701352
701353
701354
701355
701356
701357
701358
701359
701360
701361
701362
701363
701364
701365
701366
701367
701368
701369
701371
701372
701373
701374
701375
701376
701377
701378
701379
701380
701381
701382
701383
701384
701385
701386
701387
701388
701389
701390
701391
701392
701393
701394
701395
701396
701397
701398
701399
701400
701401
701402
701403
701404
701405
701406
701407
701408
701409
701410
701411
701412
701413
701414
701415
701416
701417
701418
701419
701420
701421
701422
701423
701424
701425
701426
701427
701428
701429
701430
701431
701432
701433
701434
701435
701436
701437
701438
701439
701440
701441
701442
701443
701444
701445
701446
701447
701448
701449
701450
701451
701452
701453
701454
701455
701456
701457
701458
701460
701461
701462
701464
701465
701466
701467
701468
701469
701470
701471
701472
701473
701474
701475
701476
701477
701478
701479
701480
701481
701482
701483
701484
701485
701486
701487
701488
701489
701490
701491
701492
701493
701494
701495
701496
701497
701498
701499
701500
701501
701502
701503
701504
701505
701508
701509
701510
701511
701512
701513
701514
701515
701516
701517
701518
701519
701520
701521
701522
701523
701524
701525
701526
701527
701528
701529
701530
701531
701532
701533
701534
701535
701536
701537
701538
701539
701540
701541
701542
701543
701545
701546
701547
701548
701549
701550
701551
701552
701553
701554
701555
701556
701557
701558
701559
701560
701561
701562
701563
701564
701565
701566
701567
701568
701569
701570
701571
701572
701573
701574
701575
701576
701577
701578
701579
701580
701581
701582
701583
701584
701585
701586
701587
701588
701589
701590
701591
701592
701593
701594
701595
701596
701597
701598
701599
701600
701601
701602
701603
701604
701605
701606
701607
701608
701609
701610
701611
701612
701613
701614
701615
701616
701617
701618
701619
701620
701621
701622
701623
701624
701625
701626
701627
701628
701629
701630
701631
701632
701633
701634
701635
701636
701637
701640
701641
701642
701643
701644
701645
701646
701647
701648
701650
701651
701652
701653
701654
701655
701656
701657
701658
701659
701660
701661
701662
701663
701664
701665
701666
701667
701668
701669
701670
701671
701672
701673
701674
701675
701676
701677
701678
701679
701680
701681
701682
701683
701684
701685
701686
701687
701688
701689
701690
701691
701692
701693
701694
701695
701696
701697
701698
701699
701700
701701
701702
701703
701704
701705
701706
701707
701708
701709
701710
701711
701712
701713
701714
701715
701716
701717
701718
701719
701720
701721
701722
701723
701724
701725
701726
701727
701728
701729
701730
701731
701732
701733
701734
701735
701736
701737
701738
701739
701740
701741
701742
701743
701744
701745
701746
701747
701748
701749
701750
701751
701752
701753
701754
701755
701756
701757
701758
701759
701760
701761
701762
701763
701764
701765
701766
701767
701768
701769
701770
701771
701772
701773
701774
701775
701776
701777
701778
701779
701780
701781
701782
701783
701784
701785
701786
701787
701788
701789
701790
701791
701792
701793
701794
701797
701798
701799
701800
701801
701802
701803
701804
701805
701806
701807
701808
701809
701810
701811
701812
701813
701815
701816
701817
701818
701819
701820
701821
701822
701823
701824
701825
701826
701827
701828
701829
701830
701831
701832
701833
701834
701835
701836
701837
701838
701839
701840
701841
701842
701843
701844
701845
701846
701847
701848
701849
701850
701851
701852
701853
701854
701855
701856
701857
701858
701859
701860
701861
701862
701863
701864
701865
701866
701867
701868
701869
701870
701871
701872
701873
701874
701875
701876
701877
701878
701879
701880
701881
701882
701883
701884
701885
701886
701887
701888
701889
701890
701891
701892
701893
701894
701895
701896
701897
701898
701899
701900
701901
701902
701903
701904
701905
701906
701907
701908
701909
701910
701911
701912
701913
701914
701917
701918
701919
701920
701921
701922
701923
701925
701926
701927
701928
701929
701930
701931
701932
701933
701934
701935
701936
701937
701938
701939
701940
701941
701942
701943
701944
701945
701946
701947
701948
701949
701950
701951
701952
701953
701954
701955
701956
701957
701958
701959
701960
701961
701963
701964
701965
701966
701967
701968
701970
701971
701972
701973
701974
701975
701976
701977
701978
701979
701980
701981
701982
701983
701984
701985
701986
701987
701989
701990
701991
701992
701993
701994
701995
701996
701997
701998
701999
702000
702001
702002
702003
702004
702005
702006
702007
702008
702009
702010
702011
702012
702013
702014
702015
702016
702017
702018
702019
702020
702021
702022
702023
702024
702025
702027
702028
702029
702030
702031
702032
702033
702034
702035
702036
702037
702038
702039
702040
702041
702042
702043
702044
702045
702046
702047
702048
702049
702050
702051
702052
702053
702054
702055
702056
702057
702058
702059
702060
702061
702062
702063
702064
702065
702066
702067
702068
702069
702070
702071
702072
702073
702074
702075
702076
702077
702078
702079
702080
702081
702082
702083
702084
702085
702086
702087
702088
702089
702091
702092
702093
702094
702095
702096
702097
702098
702099
702100
702101
702102
702103
702104
702105
702106
702107
702108
702109
702110
702111
702112
702113
702114
702115
702116
702117
702118
702119
702120
702121
702122
702123
702124
702125
702126
702127
702128
702129
702130
702131
702132
702133
702134
702135
702137
702138
702139
702140
702141
702142
702143
702144
702145
702146
702147
702148
702149
702150
702151
702152
702153
702154
702155
702156
702157
702158
702159
702160
702161
702162
702163
702164
702165
702166
702167
702168
702169
702170
702171
702172
702173
702174
702175
702176
702177
702178
702179
702180
702181
702182
702183
702185
702186
702187
702188
702189
702190
702191
702192
702193
702194
702195
702196
702198
702199
702200
702201
702202
702203
702204
702205
702206
702207
702208
702209
702210
702211
702212
702213
702214
702215
702216
702217
702218
702219
702220
702221
702222
702223
702224
702225
702226
702227
702228
702229
702230
702231
702232
702233
702234
702235
702236
702238
702239
702240
702241
702242
702243
702244
702245
702246
702247
702248
702249
702250
702251
702252
702253
702254
702255
702256
702257
702258
702259
702260
702261
702262
702263
702264
702265
702266
702267
702268
702269
702270
702271
702272
702273
702274
702275
702276
702277
702278
702279
702280
702281
702282
702283
702284
702285
702286
702287
702288
702289
702290
702291
702292
702293
702294
702295
702296
702297
702298
702299
702300
702301
702302
702303
702304
702305
702306
702307
702308
702309
702310
702311
702312
702313
702314
702315
702316
702317
702318
702319
702320
702321
702322
702323
702324
702325
702326
702327
702328
702329
702330
702331
702332
702333
702334
702335
702336
702337
702338
702339
702340
702341
702342
702343
702344
702345
702346
702347
702348
702349
702350
702351
702352
702353
702354
702355
702356
702357
702358
702359
702360
702361
702362
702363
702364
702365
702366
702367
702368
702369
702370
702371
702372
702373
702374
702375
702376
702377
702378
702379
702380
702381
702382
702383
702384
702385
702386
702387
702388
702389
702390
702391
702392
702393
702394
702395
702396
702397
702398
702399
702400
702401
702402
702403
702404
702405
702406
702407
702408
702409
702410
702411
702412
702413
702414
702415
702416
702417
702418
702419
702420
702421
702422
702423
702424
702425
702426
702427
702428
702429
702430
702431
702432
702433
702434
702435
702436
702437
702438
702439
702440
702441
702442
702443
702444
702445
702446
702447
702448
702449
702450
702451
702452
702453
702454
702455
702456
702457
702458
702459
702460
702461
702462
702463
702464
702465
702466
702467
702468
702469
702470
702471
702472
702473
702474
702475
702476
702477
702478
702479
702480
702481
702482
702483
702484
702485
702486
702487
702488
702489
702490
702491
702492
702493
702494
702495
702496
702497
702498
702499
702500
702501
702502
702503
702504
702505
702506
702507
702508
702509
702510
702511
702512
702513
702514
702515
702516
702517
702518
702519
702520
702521
702522
702523
702524
702525
702526
702527
702528
702529
702530
702531
702532
702533
702534
702535
702536
702537
702538
702539
702540
702541
702542
702543
702544
702545
702546
702547
702548
702549
702550
702551
702552
702553
702554
702555
702556
702557
702558
702559
702560
702561
702562
702563
702564
702565
702566
702567
702568
702569
702570
702571
702572
702573
702574
702575
702576
702577
702578
702579
702580
702581
702582
702583
702584
702585
702586
702587
702588
702589
702590
702591
702592
702593
702594
702595
702596
702597
702598
702599
702600
702601
702602
702603
702604
702605
702606
702607
702608
702609
702610
702611
702612
702613
702614
702615
702616
702617
702618
702619
702620
702621
702622
702623
702624
702625
702626
702627
702628
702629
702630
702631
702632
702633
702634
702635
702636
702637
702638
702639
702640
702641
702642
702643
702644
702645
702646
702647
702648
702649
702650
702651
702652
702653
702654
702655
702656
702657
702658
702659
702660
702661
702662
702663
702664
702665
702666
702667
702668
702669
702670
702671
702672
702673
702674
702675
702676
702677
702678
702679
702680
702681
702682
702683
702684
702685
702686
702687
702688
702689
702690
702691
702692
702693
702694
702695
702696
702697
702698
702699
702700
702701
702702
702703
702704
702705
702706
702707
702708
702709
702710
702711
702712
702713
702714
702715
702716
702717
702718
702719
702720
702721
702722
702723
702724
702725
702726
702727
702728
702729
702730
702731
702732
702733
702734
702735
702736
702737
702738
702739
702740
702741
702742
702743
702744
702745
702746
702747
702748
702749
702750
702751
702752
702753
702754
702755
702756
702757
702758
702759
702760
702761
702762
702763
702764
702765
702766
702767
702768
702769
702770
702771
702772
702773
702774
702775
702776
702777
702778
702779
702780
702781
702782
702783
702784
702785
702786
702787
702788
702789
702790
702791
702792
702793
702794
702795
702796
702797
702798
702799
702800
702801
702802
702803
702804
702805
702806
702807
702808
702809
702810
702811
702812
702813
702814
702815
702816
702817
702818
702819
702820
702821
702822
702823
702824
702825
702826
702827
702828
702829
702830
702831
702832
702833
702834
702835
702836
702837
702838
702839
702840
702841
702842
702843
702844
702845
702846
702847
702848
702849
702850
702851
702852
702853
702854
702855
702856
702857
702858
702859
702860
702861
702862
702863
702864
702865
702866
702867
702868
702869
702870
702871
702872
702873
702874
702875
702876
702877
702878
702879
702880
702881
702882
702883
702884
702885
702886
702887
702888
702889
702890
702891
702892
702893
702894
702895
702896
702897
702898
702899
702900
702901
702902
702903
702904
702905
702906
702907
702908
702909
702910
702911
702912
702913
702914
702915
702916
702917
702918
702919
702920
702921
702922
702923
702924
702925
702926
702927
702928
702929
702930
702931
702932
702933
702934
702935
702936
702937
702938
702939
702940
702941
702942
702943
702944
702945
702946
702947
702948
702949
702950
702951
702952
702953
702954
702955
702956
702957
702958
702959
702960
702961
702962
702963
702964
702965
702966
702967
702968
702969
702970
702971
702972
702973
702974
702975
702976
702977
702978
702979
702980
702981
702982
702983
702984
702985
702986
702987
702988
702989
702990
702991
702992
702993
702994
702995
702996
702997
702998
702999
703000
703001
703002
703003
703004
703005
703006
703007
703008
703009
703010
703011
703012
703013
703014
703015
703016
703017
703018
703019
703020
703021
703022
703023
703024
703025
703026
703027
703028
703029
703030
703031
703032
703033
703034
703035
703036
703037
703038
703039
703040
703041
703042
703043
703044
703045
703046
703047
703048
703049
703050
703051
703052
703053
703054
703055
703056
703057
703058
703059
703060
703061
703062
703063
703064
703065
703066
703067
703068
703069
703070
703071
703072
703073
703074
703075
703076
703077
703078
703079
703080
703081
703082
703083
703084
703085
703086
703087
703088
703089
703090
703091
703092
703093
703094
703095
703096
703097
703098
703099
703100
703101
703102
703103
703104
703105
703106
703107
703108
703109
703110
703111
703112
703113
703114
703115
703116
703117
703118
703119
703120
703121
703122
703123
703124
703125
703126
703127
703128
703129
703130
703131
703132
703133
703134
703135
703136
703137
703138
703139
703140
703141
703142
703143
703144
703145
703146
703147
703148
703149
703150
703151
703152
703153
703154
703155
703156
703157
703158
703159
703160
703161
703162
703163
703164
703165
703166
703167
703168
703169
703170
703171
703172
703173
703174
703175
703176
703177
703178
703179
703180
703181
703182
703183
703184
703185
703186
703187
703188
703189
703190
703191
703192
703193
703194
703195
703196
703197
703198
703199
703200
703201
703202
703203
703204
703205
703206
703207
703208
703209
703210
703211
703212
703213
703214
703215
703216
703217
703218
703219
703220
703221
703222
703223
703224
703225
703226
703227
703228
703229
703230
703231
703232
703233
703234
703235
703236
703237
703238
703239
703240
703241
703242
703243
703244
703245
703246
703247
703248
703249
703250
703251
703252
703253
703254
703255
703256
703257
703258
703259
703260
703261
703262
703263
703264
703265
703266
703267
703268
703269
703270
703271
703272
703273
703274
703275
703276
703277
703278
703279
703280
703281
703282
703283
703284
703285
703286
703287
703288
703289
703290
703291
703292
703293
703294
703295
703296
703297
703298
703299
703300
703301
703302
703303
703304
703305
703306
703307
703308
703309
703310
703311
703312
703313
703314
703315
703316
703317
703318
703319
703320
703321
703322
703323
703324
703325
703326
703327
703328
703329
703330
703331
703332
703333
703334
703335
703336
703337
703338
703339
703340
703341
703342
703343
703344
703345
703346
703347
703348
703349
703350
703351
703352
703353
703354
703355
703356
703357
703358
703359
703360
703361
703362
703363
703364
703365
703366
703367
703368
703369
703370
703371
703372
703373
703374
703375
703376
703377
703378
703379
703380
703381
703382
703383
703384
703385
703386
703387
703388
703389
703390
703391
703392
703393
703394
703395
703396
703397
703398
703399
703400
703401
703402
703403
703404
703405
703406
703407
703408
703409
703410
703411
703412
703413
703414
703415
703416
703417
703418
703419
703420
703421
703422
703423
703424
703425
703426
703427
703428
703429
703430
703431
703432
703433
703434
703435
703436
703437
703438
703439
703440
703441
703442
703443
703444
703445
703446
703447
703448
703449
703450
703451
703452
703453
703454
703455
703456
703457
703458
703459
703460
703461
703462
703463
703464
703465
703466
703467
703468
703469
703470
703471
703472
703473
703474
703475
703476
703477
703478
703479
703480
703481
703482
703483
703484
703485
703486
703487
703488
703489
703490
703491
703492
703493
703494
703495
703496
703497
703498
703499
703500
703501
703502
703503
703504
703505
703506
703507
703508
703509
703510
703511
703512
703513
703514
703515
703516
703517
703518
703519
703520
703521
703522
703523
703524
703525
703526
703527
703528
703529
703530
703531
703532
703533
703534
703535
703536
703537
703538
703539
703540
703541
703542
703543
703544
703545
703546
703547
703548
703549
703550
703551
703552
703553
703554
703555
703556
703557
703558
703559
703560
703561
703562
703563
703564
703565
703566
703567
703568
703569
703570
703571
703572
703573
703574
703575
703576
703577
703578
703579
703580
703581
703582
703583
703584
703585
703586
703587
703588
703589
703590
703591
703592
703593
703594
703595
703596
703597
703598
703599
703600
703601
703602
703603
703604
703605
703606
703607
703608
703609
703610
703611
703612
703613
703614
703615
703616
703617
703618
703619
703620
703621
703622
703623
703624
703625
703626
703627
703628
703629
703630
703631
703632
703633
703634
703635
703636
703637
703638
703639
703640
703641
703642
703643
703644
703645
703646
703647
703648
703649
703650
703651
703652
703653
703654
703655
703656
703657
703658
703659
703660
703661
703662
703663
703664
703665
703666
703667
703668
703669
703670
703671
703672
703673
703674
703675
703676
703677
703678
703679
703680
703681
703682
703683
703684
703685
703686
703687
703688
703689
703690
703691
703692
703693
703694
703695
703696
703697
703698
703699
703700
703701
703702
703703
703704
703705
703706
703707
703708
703709
703710
703711
703712
703713
703714
703715
703716
703717
703718
703719
703720
703721
703722
703723
703724
703725
703726
703727
703728
703729
703730
703731
703732
703733
703734
703735
703736
703737
703738
703739
703740
703741
703742
703743
703744
703745
703746
703747
703748
703749
703750
703751
703752
703753
703754
703755
703756
703757
703758
703759
703760
703761
703762
703763
703764
703765
703766
703767
703768
703769
703770
703771
703772
703773
703774
703775
703776
703777
703778
703779
703780
703781
703782
703783
703784
703785
703786
703787
703788
703789
703790
703791
703792
703793
703794
703795
703796
703797
703798
703799
703800
703801
703802
703803
703804
703805
703806
703807
703808
703809
703810
703811
703812
703813
703814
703815
703816
703817
703818
703819
703820
703821
703822
703823
703824
703825
703826
703827
703828
703829
703830
703831
703832
703833
703834
703835
703836
703837
703838
703839
703840
703841
703842
703843
703844
703845
703846
703847
703848
703849
703850
703851
703852
703853
703854
703855
703856
703857
703858
703859
703860
703861
703862
703863
703864
703865
703866
703867
703868
703869
703870
703871
703872
703873
703874
703875
703876
703877
703878
703879
703880
703881
703882
703883
703884
703885
703886
703887
703888
703889
703890
703891
703892
703893
703894
703895
703896
703897
703898
703899
703900
703901
703902
703903
703904
703905
703906
703907
703908
703909
703910
703911
703912
703913
703914
703915
703916
703917
703918
703919
703920
703921
703922
703923
703924
703925
703926
703927
703928
703929
703930
703931
703932
703933
703934
703935
703936
703937
703938
703939
703940
703941
703942
703943
703944
703945
703946
703947
703948
703949
703950
703951
703952
703953
703954
703955
703956
703957
703958
703959
703960
703961
703962
703963
703964
703965
703966
703967
703968
703969
703970
703971
703972
703973
703974
703975
703976
703977
703978
703979
703980
703981
703982
703983
703984
703985
703986
703987
703988
703989
703990
703991
703992
703993
703994
703995
703996
703997
703998
703999
704000
704001
704002
704003
704004
704005
704006
704007
704008
704009
704010
704011
704012
704013
704014
704015
704016
704017
704018
704019
704020
704021
704022
704023
704024
704025
704026
704027
704028
704029
704030
704031
704032
704033
704034
704035
704036
704037
704038
704039
704040
704041
704042
704043
704044
704045
704046
704047
704048
704049
704050
704051
704052
704053
704054
704055
704056
704057
704058
704059
704060
704061
704062
704063
704064
704065
704066
704067
704068
704069
704070
704071
704072
704073
704074
704075
704076
704077
704078
704079
704080
704081
704082
704083
704084
704085
704086
704087
704088
704089
704090
704091
704092
704093
704094
704095
704096
704097
704098
704099
704100
704101
704102
704103
704104
704105
704106
704107
704108
704109
704110
704111
704112
704113
704114
704115
704116
704117
704118
704119
704120
704121
704122
704123
704124
704125
704126
704127
704128
704129
704130
704131
704132
704133
704134
704135
704136
704137
704138
704139
704140
704141
704142
704143
704144
704145
704146
704147
704148
704149
704150
704151
704152
704153
704154
704155
704156
704157
704158
704159
704160
704161
704162
704163
704164
704165
704166
704167
704168
704169
704170
704171
704172
704173
704174
704175
704176
704177
704178
704179
704180
704181
704182
704183
704184
704185
704186
704187
704188
704189
704190
704191
704192
704193
704194
704195
704196
704197
704198
704199
704200
704201
704202
704203
704204
704205
704206
704207
704208
704209
704210
704211
704212
704213
704214
704215
704216
704217
704218
704219
704220
704221
704222
704223
704224
704225
704226
704227
704228
704229
704230
704231
704232
704233
704234
704235
704236
704237
704238
704239
704240
704241
704242
704243
704244
704245
704246
704247
704248
704249
704250
704251
704252
704253
704254
704255
704256
704257
704258
704259
704260
704261
704262
704263
704264
704265
704266
704267
704268
704269
704270
704271
704272
704273
704274
704275
704276
704277
704278
704279
704280
704281
704282
704283
704284
704285
704286
704287
704288
704289
704290
704291
704292
704293
704294
704295
704296
704297
704298
704299
704300
704301
704302
704303
704304
704305
704306
704307
704308
704309
704310
704311
704312
704313
704314
704315
704316
704317
704318
704319
704320
704321
704322
704323
704324
704325
704326
704327
704328
704329
704330
704331
704332
704333
704334
704335
704336
704337
704338
704339
704340
704341
704342
704343
704344
704345
704346
704347
704348
704349
704350
704351
704352
704353
704354
704355
704356
704357
704358
704359
704360
704361
704362
704363
704364
704365
704366
704367
704368
704369
704370
704371
704372
704373
704374
704375
704376
704377
704378
704379
704380
704381
704382
704383
704384
704385
704386
704387
704388
704389
704390
704391
704392
704393
704394
704395
704396
704397
704398
704399
704400
704401
704402
704403
704404
704405
704406
704407
704408
704409
704410
704411
704412
704413
704414
704415
704416
704417
704418
704419
704420
704421
704422
704423
704424
704425
704426
704427
704428
704429
704430
704431
704432
704433
704434
704435
704436
704437
704438
704439
704440
704441
704442
704443
704444
704445
704446
704447
704448
704449
704450
704451
704452
704453
704454
704455
704456
704457
704458
704459
704460
704461
704462
704463
704464
704465
704466
704467
704468
704469
704470
704471
704472
704473
704474
704475
704476
704477
704478
704479
704480
704481
704482
704483
704484
704485
704486
704487
704488
704489
704490
704491
704492
704493
704494
704495
704496
704497
704498
704499
704500
704501
704502
704503
704504
704505
704506
704507
704508
704509
704510
704511
704512
704513
704514
704515
704516
704517
704518
704519
704520
704521
704522
704523
704524
704525
704526
704527
704528
704529
704530
704531
704532
704533
704534
704535
704536
704537
704538
704539
704540
704541
704542
704543
704544
704545
704546
704547
704548
704549
704550
704551
704552
704553
704554
704555
704556
704557
704558
704559
704560
704561
704562
704563
704564
704565
704566
704567
704568
704569
704570
704571
704572
704573
704574
704575
704576
704577
704578
704579
704580
704581
704582
704583
704584
704585
704586
704587
704588
704589
704590
704591
704592
704593
704594
704595
704596
704597
704598
704599
704600
704601
704602
704603
704604
704605
704606
704607
704608
704609
704610
704611
704612
704613
704614
704615
704616
704617
704618
704619
704620
704621
704622
704623
704624
704625
704626
704627
704628
704629
704630
704631
704632
704633
704634
704635
704636
704637
704638
704639
704640
704641
704642
704643
704644
704645
704646
704647
704648
704649
704650
704651
704652
704653
704654
704655
704656
704657
704658
704659
704660
704661
704662
704663
704664
704665
704666
704667
704668
704669
704670
704671
704672
704673
704674
704675
704676
704677
704678
704679
704680
704681
704682
704683
704684
704685
704686
704687
704688
704689
704690
704691
704692
704693
704694
704695
704696
704697
704698
704699
704700
704701
704702
704703
704704
704705
704706
704707
704708
704709
704710
704711
704712
704713
704714
704715
704716
704717
704718
704719
704720
704721
704722
704723
704724
704725
704726
704727
704728
704729
704730
704731
704732
704733
704734
704735
704736
704737
704738
704739
704740
704741
704742
704743
704744
704745
704746
704747
704748
704749
704750
704751
704752
704753
704754
704755
704756
704757
704758
704759
704760
704761
704762
704763
704764
704765
704766
704767
704768
704769
704770
704771
704772
704773
704774
704775
704776
704777
704778
704779
704780
704781
704782
704783
704784
704785
704786
704787
704788
704789
704790
704791
704792
704793
704794
704795
704796
704797
704798
704799
704800
704801
704802
704803
704804
704805
704806
704807
704808
704809
704810
704811
704812
704813
704814
704815
704816
704817
704818
704819
704820
704821
704822
704823
704824
704825
704826
704827
704828
704829
704830
704831
704832
704833
704834
704835
704836
704837
704838
704839
704840
704841
704842
704843
704844
704845
704846
704847
704848
704849
704850
704851
704852
704853
704854
704855
704856
704857
704858
704859
704860
704861
704862
704863
704864
704865
704866
704867
704868
704869
704870
704871
704872
704873
704874
704875
704876
704877
704878
704879
704880
704881
704882
704883
704884
704885
704886
704887
704888
704889
704890
704891
704892
704893
704894
704895
704896
704897
704898
704899
704900
704901
704902
704903
704904
704905
704906
704907
704908
704909
704910
704911
704912
704913
704914
704915
704916
704917
704918
704919
704920
704921
704922
704923
704924
704925
704926
704927
704928
704929
704930
704931
704932
704933
704934
704935
704936
704937
704938
704939
704940
704941
704942
704943
704944
704945
704946
704947
704948
704949
704950
704951
704952
704953
704954
704955
704956
704957
704958
704959
704960
704961
704962
704963
704964
704965
704966
704967
704968
704969
704970
704971
704972
704973
704974
704975
704976
704977
704978
704979
704980
704981
704982
704983
704984
704985
704986
704987
704988
704989
704990
704991
704992
704993
704994
704995
704996
704997
704998
704999
705000
705001
705002
705003
705004
705005
705006
705007
705008
705009
705010
705011
705012
705013
705014
705015
705016
705017
705018
705019
705020
705021
705022
705023
705024
705025
705026
705027
705028
705029
705030
705031
705032
705033
705034
705035
705036
705037
705038
705039
705040
705041
705042
705043
705044
705045
705046
705047
705048
705049
705050
705051
705052
705053
705054
705055
705056
705057
705058
705059
705060
705061
705062
705063
705064
705065
705066
705067
705068
705069
705070
705071
705072
705073
705074
705075
705076
705077
705078
705079
705080
705081
705082
705083
705084
705085
705086
705087
705088
705089
705090
705091
705092
705093
705094
705095
705096
705097
705098
705099
705100
705101
705102
705103
705104
705105
705106
705107
705108
705109
705110
705111
705112
705113
705114
705115
705116
705117
705118
705119
705120
705121
705122
705123
705124
705125
705126
705127
705128
705129
705130
705131
705132
705133
705134
705135
705136
705137
705138
705139
705140
705141
705142
705143
705144
705145
705146
705147
705148
705149
705150
705151
705152
705153
705154
705155
705156
705157
705158
705159
705160
705161
705162
705163
705164
705165
705166
705167
705168
705169
705170
705171
705172
705173
705174
705175
705176
705177
705178
705179
705180
705181
705182
705183
705184
705185
705186
705187
705188
705189
705190
705191
705192
705193
705194
705195
705196
705197
705198
705199
705200
705201
705202
705203
705204
705205
705206
705207
705208
705209
705210
705211
705212
705213
705214
705215
705216
705217
705218
705219
705220
705221
705222
705223
705224
705225
705226
705227
705228
705229
705230
705231
705232
705233
705234
705235
705236
705237
705238
705239
705240
705241
705242
705243
705244
705245
705246
705247
705248
705249
705250
705251
705252
705253
705254
705255
705256
705257
705258
705259
705260
705261
705262
705263
705264
705265
705266
705267
705268
705269
705270
705271
705272
705273
705274
705275
705276
705277
705278
705279
705280
705281
705282
705283
705284
705285
705286
705287
705288
705289
705290
71258U
71264U
71301U
71357U
71395U
71423U
71585U
71592U
71634U
71635U
71636U
71641U
71644U
71662U
71694U
717408
71740U
71754U
71755U
71774U
71778U
71786U
71797U
71805U
71807U
718098
718099
71829U
71832U
71840U
71841U
71842U
71845U
71846U
71852U
71867U
718730
71873U
71874U
71882U
71886U
71892U
718937
71905U
71921U
71922U
71923U
71929U
71930U
71932U
71933U
71934U
71941U
71943U
71944U
71945U
71952U
71953U
71956U
71957U
71958U
71960U
71961U
71962U
71964U
71965U
71966U
71967U
71968U
71969U
71970U
719715
719716
719719
71972U
71975U
71983U
71986U
71987U
71989U
71990U
71991U
71992U
71995U
71996U
72002U
72003U
72008U
72009U
72011U
72013U
720183
720184
720186
720187
72018U
72021U
72026U
72031U
72032U
72034U
72038U
72041U
72045U
72046U
72047U
72050U
72051U
72053U
72056U
72057U
72058U
72061U
72066U
72067U
72068U
72069U
72072U
720746
720748
72075U
72076U
72077U
72078U
72081U
72084U
72085U
72086U
72089U
72090U
72091U
72093U
72095U
72096U
720986
72098U
72099U
72100U
72101U
72102U
72103U
72104U
72105U
72106U
72107U
72108U
72109U
72110U
72111U
72112U
72113U
72114U
72115U
72116U
72117U
72118U
72119U
72120U
72121U
72122U
72123U
72124U
72125U
72126U
72127U
72128U
72129U
72130U
72131U
72132U
72133U
72134U
72135U
72136U
72137U
72138U
72139U
72140U
72141U
72142U
72143U
72144U
72145U
72146U
72147U
72148U
72149U
72150U
72151U
72152U
72153U
72154U
72155U
72156U
72157U
72158U
72159U
72160U
72161U
72162U
72163U
72164U
72165U
72166U
72167U
72168U
72169U
72170U
72171U
72172U
72173U
72174U
72175U
72176U
72177U
72178U
72179U
72180U
72181U
72182U
72183U
72184U
72185U
72186U
72187U
72188U
72189U
72190U
72191U
72192U
72193U
72194U
72195U
72196U
72197U
72198U
72199U
72200U
72201U
72202U
72203U
72204U
72205U
72206U
72207U
72208U
72209U
72210U
72211U
72212U
72213U
72214U
72215U
72216U
72217U
72218U
72219U
72220U
72221U
72222U
72223U
72224U
72225U
72226U
72227U
72228U
72229U
72230U
72231U
72232U
72233U
72234U
722353
722354
72235U
72236U
72237U
72238U
72239U
72240U
72241U
722428
722429
72242U
72243U
72244U
72245U
72246U
72247U
72248U
72249U
72250U
72251U
722524
722527
72252U
72253U
72254U
72255U
72256U
722572
72257U
72258U
72259U
72260U
72261U
72262U
72263U
72264U
72265U
72266U
722675
72267U
72268U
72269U
72270U
72271U
722722
722723
722726
722728
72272U
722731
72273U
72274U
72275U
72276U
72277U
72278U
72279U
72280U
72281U
72282U
72283U
72284U
72285U
722865
72286U
72287U
722880
722881
722884
72288U
72289U
72290U
72291U
72292U
72293U
722942
722943
722944
72294U
72295U
72296U
72297U
722988
72298U
72299U
723009
72300U
72301U
72302U
72303U
72304U
72305U
72306U
72307U
72308U
723096
72309U
72310U
72311U
72312U
723132
723133
72313U
72314U
72315U
72316U
72317U
72318U
723195
72319U
72320U
72321U
72322U
72323U
723247
72324U
72325U
72326U
72327U
723287
723288
723289
72328U
723290
723292
723295
723297
72329U
72330U
72331U
72332U
72333U
72334U
72335U
723368
72336U
72337U
72338U
72339U
723407
723408
723409
72340U
723410
723411
723414
723417
72341U
723422
723425
72342U
72343U
72344U
723451
723452
723453
723454
723456
723457
723459
72345U
72346U
72347U
72348U
72349U
72350U
723511
723512
723515
723516
723519
72351U
72352U
72353U
72354U
72355U
72356U
72357U
72358U
72359U
723604
723607
723609
72360U
72361U
72362U
72363U
72364U
72365U
72366U
72367U
723681
72368U
72369U
72370U
72371U
72372U
72373U
72374U
72375U
72376U
723779
72377U
723780
72378U
72379U
72380U
72381U
72382U
72383U
72384U
72385U
72386U
72387U
72388U
72389U
72390U
72391U
72392U
72393U
72394U
72395U
72396U
72397U
72398U
72399U
724003
72400U
724011
724013
724017
724019
72401U
724023
724025
724026
72402U
72403U
72404U
72405U
724061
724062
724063
724064
72406U
72407U
72408U
724099
72409U
72410U
72411U
724126
724127
724128
724129
72412U
724130
72413U
72414U
72415U
72416U
724176
72417U
72418U
72419U
724200
724201
724202
72420U
72421U
72422U
72423U
724240
724241
724242
724243
724244
72424U
72425U
72426U
72427U
72428U
72429U
72430U
72431U
72432U
72433U
72434U
72435U
72436U
724372
724373
724374
72437U
72438U
72439U
72440U
72441U
72442U
724431
724436
72443U
72444U
72445U
72446U
724478
72447U
724480
724481
72448U
72449U
72450U
72451U
72452U
72453U
72454U
72455U
72456U
72457U
72458U
72460U
72461U
72462U
72464U
72465U
724668
724669
72466U
724670
72467U
72468U
72469U
72470U
72471U
72472U
72473U
72474U
724756
72475U
72476U
72477U
72478U
72479U
72480U
72481U
72482U
724830
72483U
72484U
72485U
72486U
72487U
72488U
72489U
72490U
72491U
72492U
72493U
72494U
72495U
72496U
724977
724978
724979
72497U
724980
724983
72498U
72499U
72500U
72501U
72502U
72503U
725043
725044
725045
725048
725049
72504U
72505U
72506U
72507U
72508U
72509U
72510U
72511U
725122
725125
725126
725127
725128
725129
72512U
725130
725134
725135
72513U
72514U
72515U
72516U
72517U
72518U
72519U
72520U
72521U
72522U
72523U
72524U
72525U
72526U
72527U
725286
725287
725288
725289
72528U
72529U
72530U
72531U
72532U
725333
72533U
72534U
72535U
72536U
72537U
72538U
72539U
72540U
725411
72541U
72542U
72543U
725440
72544U
72545U
72546U
72547U
72548U
72549U
72550U
72551U
72552U
72553U
725541
725542
72554U
72555U
72556U
725575
72557U
72558U
72559U
72560U
72561U
72562U
725631
725632
725633
725634
72563U
72564U
72565U
72566U
72567U
72568U
72569U
725709
72570U
725711
72571U
72572U
72573U
725744
72574U
72575U
72576U
72577U
72578U
72579U
725803
725804
72580U
72581U
72582U
72583U
725841
72584U
72585U
72586U
72587U
725881
72588U
72589U
72590U
72591U
725924
72592U
72593U
72594U
72595U
72596U
72597U
72598U
72599U
72600U
72601U
72602U
726037
72603U
72604U
72605U
72606U
726070
726078
72607U
72608U
72609U
72610U
726119
72611U
72612U
72613U
72614U
72615U
72616U
72617U
72618U
726194
72619U
72620U
726217
72621U
72622U
72623U
72624U
72625U
726266
72626U
72627U
72628U
72629U
72630U
72631U
72632U
72633U
72634U
72635U
726360
72636U
72637U
72638U
72639U
726407
726408
72640U
72641U
72642U
72643U
72644U
72645U
72646U
72647U
72648U
72649U
726500
726502
726504
72650U
72651U
72652U
72653U
72654U
726554
726555
726556
72655U
726560
726561
726562
72656U
72657U
72658U
72659U
72660U
726612
726614
72661U
72662U
72663U
72664U
72665U
72666U
726676
72667U
72668U
72669U
72670U
72671U
72672U
72673U
72674U
72675U
72676U
726771
72677U
72678U
72679U
72680U
726812
72681U
72682U
72683U
726843
72684U
72685U
72686U
72687U
726884
72688U
72689U
72690U
72691U
726924
726925
726926
726927
726929
72692U
72693U
72694U
72695U
72696U
72697U
72698U
726991
72699U
72700U
72701U
727025
72702U
72703U
72704U
72705U
72706U
72707U
72708U
727095
72709U
72710U
72711U
727122
72712U
72713U
727146
72714U
72715U
72716U
72717U
72718U
72719U
727202
72720U
72721U
72722U
72723U
727242
72724U
72725U
72726U
727275
72727U
72728U
72729U
72730U
72731U
72732U
72733U
727349
72734U
72735U
72736U
72737U
72738U
72739U
727402
727403
727404
727405
72740U
72741U
72742U
72743U
72744U
727457
727458
727459
72745U
727460
72746U
72747U
72748U
72749U
72750U
72751U
72752U
727536
72753U
72754U
72755U
72756U
72757U
72758U
72759U
72760U
727613
72761U
72762U
72763U
72764U
727664
727665
727760
727836
727869
727870
727930
728002
728003
728004
728005
728047
728050
728051
728086
728088
728171
728172
728174
728176
728177
728264
728271
728323
728324
728325
728391
728392
728394
728395
728396
728399
728402
728403
728404
728411
728420
728511
728512
728514
728515
728516
728519
728520
728523
728595
728657
728658
728660
728662
728663
728665
728666
728667
728753
728755
728758
728764
728765
728766
728767
728768
728771
728774
728781
728852
728853
728860
728920
728963
728964
728965
728966
728967
729010
729028
729031
729068
729069
729170
729171
729172
729174
729176
729177
729178
729179
729181
729185
729186
729187
729226
729313
729314
729411
729413
729426
729486
729487
729489
729499
729528
729530
729531
729532
729534
729535
729536
729625
729627
729628
729629
729701
729711
729714
729791
729794
729799
729803
729804
729807
729808
729872
729877
729879
729884
729887
729890
729895
729960
729961
729963
729964
729966
729967
729971
729973
729974
730036
730037
730038
730039
730040
730041
730042
730043
730044
730045
730046
730047
730048
730049
730050
730051
730052
730053
730054
730055
730056
730057
730058
730059
730124
730127
730128
730131
730132
730134
730135
730136
730137
730138
730139
730140
730141
730142
730143
730144
730145
730146
730147
730148
730149
730150
730151
730152
730153
730154
730155
730156
730157
730158
730159
730160
730161
730194
730229
730230
730231
730232
730233
730234
730235
730236
730237
730238
730239
730240
730241
730242
730243
730244
730245
730247
730294
730301
730302
730305
730306
730307
730308
730309
730310
730312
730313
730314
730315
730316
730317
730372
730375
730396
730397
730398
730399
730400
730401
730402
730403
730404
730406
730407
730408
730410
730411
730412
730414
730415
730416
730418
730419
730420
730441
730487
730488
730489
730490
730491
730492
730493
730495
730496
730498
730499
730500
730501
730502
730503
730529
730539
730540
730541
730542
730543
730544
730545
730546
730547
730549
730551
730553
730555
730557
730558
730559
730623
730624
730625
730627
730629
730630
730631
730632
730633
730634
730635
730636
730637
730638
730681
730720
730721
730722
730723
730725
730726
730727
730728
730729
730730
730731
730732
730733
730734
730735
730736
730737
730738
730739
730740
730741
730761
730762
730804
730820
730821
730824
730825
730826
730828
730829
730913
730914
730916
730917
730919
730920
730921
730922
730923
730925
730926
730927
730928
730929
730930
730932
730934
730935
730936
730937
730997
730998
731000
731001
731002
731004
731005
731006
731007
731008
731009
731032
731036
731062
731063
731082
731083
731084
731086
731087
731088
731090
731091
731092
731093
731095
731159
731160
731161
731162
731163
731164
731165
731166
731167
731168
731169
731170
731171
731172
731173
731219
731238
731240
731246
731248
731255
731256
731257
731258
731259
731260
731261
731262
731263
731264
731265
731266
731277
731331
731332
731333
731335
731336
731338
731377
731386
731387
731388
731389
731390
731392
731393
731394
731395
731397
731398
731399
731400
731437
731488
731489
731491
731492
731493
731495
731496
731497
731498
731499
731500
731501
731522
731553
731554
731555
731556
731583
731584
731585
731588
731595
731631
731670
731671
731672
731698
731729
731730
731751
731772
731799
731819
731820
731821
731822
731826
731827
731873
731874
731875
731876
731877
731891
731945
731946
731947
731948
731949
731950
731951
731952
732011
732012
732020
732039
732049
732050
732051
732052
732053
732054
732055
732056
732068
732069
732070
732112
732131
732139
732160
732164
732165
732167
732168
732182
732215
732216
732217
732219
732220
732221
732268
732269
732270
732271
732272
732273
732274
732275
732276
732277
732290
732329
732332
732333
732334
732335
732371
732389
732390
732391
732399
732402
732425
732435
732467
732468
732509
732519
732520
732521
732544
732545
732582
732583
732584
732585
732586
732587
732588
732625
732639
732646
732653
732654
732655
732656
732657
732675
732676
732704
732705
732725
732736
732740
732742
732755
732773
732788
732792
732795
732814
732841
732845
732846
732885
732886
732890
732913
732921
732925
732931
732940
732942
732952
732996
733008
733009
733015
733025
733039
733040
733046
733047
733056
733070
733074
733075
733083
733084
733089
733091
733112
733122
733133
733135
733139
733140
733142
733150
733155
733177
733178
733179
733183
733193
733204
733215
733222
733227
733230
733236
733243
733248
733264
733288
733303
733306
733307
733308
733315
733317
733320
733329
733332
733333
733334
733335
733336
733337
733338
733339
733356
733357
733358
733359
733360
733375
733376
733378
733379
733380
733382
733396
733398
733400
733405
733406
733407
733408
733409
733410
733411
733412
733413
733414
733415
733416
733417
733430
733432
733434
733456
733457
733458
733459
733460
733461
733462
733463
733464
733465
733466
733467
733468
733469
733470
733471
733476
733483
733488
733489
733493
733503
733507
733517
733518
733520
733521
733522
733523
733524
733525
733526
733527
733528
733529
733530
733531
733532
733533
733534
733535
733536
733537
733545
733560
733561
733562
733563
733564
733565
733566
733567
733568
733569
733570
733571
733572
733573
733574
733575
733598
733611
733613
733619
733620
733621
733623
733643
733644
733645
733646
733647
733648
733649
733650
733651
733652
733653
733654
733655
733656
733657
733658
733663
733677
733687
733692
733693
733694
733695
733696
733698
733699
733700
733701
733702
733703
733709
733711
733720
733744
733746
733754
733755
733756
733757
733758
733759
733760
733761
733762
733763
733777
733784
733798
733799
733800
733801
733807
733810
733811
733815
733818
733821
733841
733844
733845
733848
733849
733850
733851
733852
733853
733854
733855
733856
733859
733860
733867
733868
733873
733879
733880
733884
733885
733886
733887
733888
733889
733900
733936
733944
733956
733957
733958
733959
733960
733973
733981
733982
733983
733984
733985
733986
733991
733992
733993
733995
734009
734019
734030
734031
734032
734033
734034
734035
734036
734037
734038
734039
734040
734041
734042
734048
734057
734064
734067
734100
734101
734102
734103
734126
734134
734135
734136
734137
734138
734139
734141
734144
734145
734152
734158
734160
734162
734175
734182
734202
734203
734204
734205
734206
734207
734208
734209
734210
734220
734228
734229
734230
734231
734232
734247
734249
734252
734258
734276
734277
734278
734279
734280
734281
734282
734283
734284
734285
734286
734287
734288
734289
734290
734291
734292
734293
734294
734298
734304
734307
734340
734341
734342
734343
734344
734345
734346
734347
734348
734349
734350
734351
734352
734353
734354
734355
734356
734357
734358
734359
734360
734363
734364
734369
734370
734371
734384
734386
734387
734408
734409
734410
734411
734412
734413
734414
734415
734416
734417
734424
734429
734437
734445
734446
734448
734454
734455
734463
734467
734468
734469
734470
734475
734484
734487
734498
734505
734506
734507
734508
734509
734510
734511
734512
734513
734514
734515
734516
734517
734518
734519
734520
734521
734522
734523
734524
734525
734526
734528
734530
734534
734535
734543
734545
734546
734561
734563
734574
734591
734595
734601
734602
734603
734605
734606
734607
734608
734609
734610
734611
734612
734613
734614
734615
734616
734617
734618
734619
734620
734621
734628
734631
734638
734639
734640
734641
734643
734644
734650
734652
734655
734658
734659
734660
734664
734665
734706
734707
734708
734709
734710
734712
734713
734715
734716
734722
734723
734729
734730
734743
734745
734747
734753
734754
734767
734780
734781
734782
734783
734784
734785
734786
734787
734791
734792
734805
734807
734812
734814
734821
734827
734829
734835
734836
734857
734859
734866
734869
734870
734871
734872
734873
734874
734880
734886
734887
734890
734892
734897
734900
734910
734914
734923
734925
734926
734936
734937
734938
734939
734940
734941
734954
734956
734965
734967
734968
734969
734987
734988
734989
734991
734992
734993
734994
734995
734996
735000
735009
735011
735012
735013
735021
735028
735029
735030
735034
735035
735036
735039
735044
735045
735046
735047
735056
735073
735086
735088
735089
735090
735098
735102
735103
735104
735105
735106
735115
735122
735125
735142
735143
735152
735155
735167
735168
735173
735181
735182
735183
735184
735185
735186
735204
735211
735213
735215
735217
735232
735233
735239
735257
735262
735263
735266
735269
735270
735271
735272
735273
735274
735277
735293
735299
735300
735301
735302
735303
735304
735305
735306
735307
735312
735323
735330
735331
735333
735343
735344
735352
735354
735355
735370
735372
735375
735387
735388
735389
735390
735391
735392
735393
735394
735395
735421
735422
735423
735424
735427
735431
735432
735439
735440
735444
735445
735450
735451
735457
735472
735476
735483
735488
735489
735492
735494
735502
735503
735505
735507
735508
735509
735510
735511
735512
735513
735518
735521
735523
735524
735525
735527
735531
735534
735541
735550
735551
735556
735557
735558
735559
735560
735561
735562
735563
735564
735565
735566
735573
735574
735577
735579
735580
735598
735621
735622
735630
735632
735635
735636
735637
735641
735643
735646
735647
735648
735649
735650
735651
735652
735653
735654
735655
735656
735657
735658
735659
735660
735661
735662
735663
735664
735665
735666
735675
735683
735685
735691
735696
735702
735706
735714
735715
735719
735723
735724
735725
735726
735727
735728
735729
735730
735731
735732
735733
735734
735743
735754
735756
735758
735760
735762
735763
735767
735768
735786
735789
735791
735797
735804
735807
735809
735812
735814
735826
735842
735844
735845
735847
735848
735849
735850
735851
735852
735853
735854
735855
735856
735857
735858
735859
735860
735871
735876
735890
735907
735909
735912
735913
735915
735916
735917
735918
735919
735920
735921
735922
735923
735924
735925
735926
735927
735930
735932
735937
735941
735945
735946
735952
735956
735962
735963
735964
735974
735975
735981
735987
735988
735994
735995
735998
736006
736009
736010
736011
736025
736027
736028
736029
736032
736034
736038
736039
736044
736046
736047
736048
736050
736051
736052
736053
736054
736055
736056
736059
736065
736070
736071
736072
736073
736074
736075
736076
736078
736079
736080
736081
736082
736083
736084
736085
736086
736087
736088
736090
736095
736096
736097
736104
736105
736106
736108
736110
736113
736114
736115
736116
736117
736118
736119
736120
736121
736124
736125
736126
736128
736129
736131
736132
736133
736134
736135
736136
736137
736138
736139
736148
736149
736151
736152
736153
736154
736155
736156
736157
736158
736159
736160
736161
736162
736163
736164
736169
736177
736185
736186
736188
736189
736194
736201
736202
736203
736204
736205
736206
736207
736210
736216
736226
736233
736234
736237
736238
736239
736240
736241
736242
736243
736244
736245
736246
736247
736248
736249
736250
736251
736252
736255
736256
736258
736264
736269
736282
736283
736286
736287
736288
736289
736290
736291
736292
736293
736294
736295
736296
736302
736305
736306
736307
736308
736310
736311
736312
736316
736317
736320
736322
736323
736330
736331
736335
736337
736338
736341
736342
736343
736344
736345
736346
736347
736348
736349
736350
736351
736352
736353
736354
736355
736356
736357
736358
736359
736360
736361
736362
736364
736365
736367
736368
736369
736370
736372
736377
736378
736379
736381
736383
736384
736399
736400
736401
736403
736405
736406
736409
736410
736411
736413
736415
736416
736417
736418
736421
736424
736426
736427
736428
736429
736430
736431
736432
736433
736434
736435
736436
736437
736438
736439
736440
736441
736442
736443
736444
736445
736447
736451
736452
736456
736461
736464
736468
736469
736470
736472
736473
736474
736475
736476
736477
736478
736479
736480
736482
736483
736485
736487
736488
736489
736495
736496
736501
736503
736505
736506
736513
736514
736515
736518
736519
736523
736524
736528
736530
736531
736533
736534
736536
736538
736539
736540
736542
736543
736544
736545
736546
736547
736548
736550
736552
736559
736561
736567
736571
736573
736575
736576
736577
736580
736581
736582
736583
736584
736585
736586
736587
736588
736590
736591
736592
736593
736597
736598
736604
736611
736612
736613
736614
736616
736617
736618
736621
736627
736629
736634
736635
736636
736638
736639
736640
736641
736649
736650
736653
736660
736662
736668
736669
736672
736681
736682
736687
736688
736689
736691
736696
736701
736702
736703
736704
736716
736721
736722
736729
736731
736732
736735
736736
736737
736738
736739
736740
736741
736742
736743
736744
736745
736746
736748
736750
736756
736757
736765
736772
736773
736774
736775
736776
736779
736780
736786
736787
736788
736790
736792
736793
736795
736796
736799
736800
736801
736802
736803
736804
736805
736812
736817
736825
736828
736833
736834
736837
736843
736845
736846
736852
736853
736855
736856
736862
736864
736880
736881
736883
736884
736885
736887
736888
736889
736891
736892
736893
736895
736901
736903
736904
736914
736915
736916
736918
736921
736922
736926
736928
736929
736930
736931
736932
736933
736934
736935
736936
736937
736938
736939
736943
736948
736951
736959
736960
736963
736964
736972
736975
736976
736978
736982
736987
736989
736991
736994
736995
736996
736997
737003
737004
737009
737011
737015
737016
737017
737018
737019
737020
737021
737022
737025
737026
737027
737028
737029
737031
737033
737034
737035
737037
737038
737039
737041
737042
737043
737044
737046
737047
737048
737049
737050
737051
737052
737053
737055
737056
737058
737059
737062
737066
737068
737071
737078
737080
737085
737086
737087
737088
737089
737090
737091
737092
737093
737106
737107
737109
737110
737113
737114
737116
737118
737120
737121
737127
737128
737129
737132
737133
737137
737138
737139
737140
737144
737145
737146
737147
737149
737150
737151
737152
737153
737154
737155
737156
737157
737158
737159
737160
737161
737162
737163
737164
737165
737166
737167
737168
737169
737171
737172
737173
737174
737175
737177
737178
737179
737184
737185
737186
737187
737188
737189
737190
737191
737192
737193
737194
737195
737196
737197
737198
737199
737200
737201
737202
737203
737204
737205
737210
737211
737214
737216
737223
737224
737228
737229
737230
737231
737232
737233
737234
737235
737236
737237
737238
737239
737242
737249
737251
737255
737257
737261
737267
737270
737276
737278
737279
737282
737283
737284
737285
737286
737289
737292
737294
737295
737297
737299
737300
737302
737303
737304
737305
737306
737307
737319
737320
737321
737322
737323
737324
737325
737326
737327
737328
737329
737330
737331
737332
737333
737334
737335
737336
737337
737338
737350
737352
737353
737354
737356
737358
737359
737361
737362
737365
737368
737371
737372
737374
737376
737377
737383
737384
737385
737386
737387
737388
737389
737390
737391
737392
737393
737394
737395
737396
737399
737404
737405
737407
737413
737416
737417
737418
737419
737421
737422
737423
737424
737425
737426
737427
737428
737430
737431
737434
737435
737437
737439
737440
737441
737443
737445
737450
737452
737455
737463
737468
737469
737480
737482
737484
737487
737490
737491
737493
737494
737495
737498
737499
737503
737504
737505
737507
737508
737509
737510
737511
737512
737513
737514
737515
737516
737517
737518
737519
737520
737521
737522
737523
737524
737525
737526
737527
737528
737529
737530
737531
737532
737533
737534
737535
737536
737537
737538
737539
737540
737541
737542
737543
737544
737545
737546
737547
737548
737549
737550
737551
737552
737553
737554
737555
737556
737557
737558
737559
737560
737561
737562
737563
737564
737565
737566
737567
737568
737569
737570
737571
737572
737573
737574
737575
737576
737577
737578
737579
737580
737581
737582
737583
737584
737585
737586
737587
737588
737589
737590
737591
737592
737593
737594
737595
737596
737597
737598
737599
737600
737601
737602
737603
737604
737605
737606
737607
737608
737609
737610
737611
737612
737613
737614
737615
737616
737617
737618
737619
737620
737621
737622
737623
737624
737625
737626
737627
737628
737629
737630
737631
737632
737633
737634
737635
737636
737637
737638
737639
737640
737641
737642
737643
737644
737645
737646
737647
737648
737649
737650
737651
737652
737653
737654
737655
737656
737657
737658
737659
737660
737661
737662
737663
737664
737665
737666
737667
737668
737669
737670
737671
737672
737673
737674
737675
737676
737677
737678
737679
737680
737681
737682
737683
737684
737685
737686
737687
737688
737689
737690
737691
737692
737693
737694
737695
737696
737697
737698
737699
737700
737701
737702
737703
737704
737705
737706
737707
737708
737709
737710
737711
737712
737713
737714
737715
737716
737717
737718
737719
737720
737721
737722
737723
737724
737725
737726
737727
737728
737729
737730
737731
737732
737733
737734
737735
737736
737737
737738
737739
737740
737741
737742
737743
737744
737745
737746
737747
737748
737749
737750
737751
737752
737753
737754
737755
737756
737757
737758
737759
737760
737761
737762
737763
737764
737765
737766
737767
737768
737769
737770
737771
737772
737773
737774
737775
737776
737777
737778
737779
737780
737781
737782
737783
737784
737785
737786
737787
737788
737789
737790
737791
737792
737793
737794
737795
737796
737797
737798
737799
737800
737801
737802
737803
737804
737805
737806
737807
737808
737809
737810
737811
737812
737813
737814
737815
737816
737817
737818
737819
737820
737821
737822
737823
737824
737825
737826
737827
737828
737829
737830
737831
737832
737833
737834
737835
737836
737837
737838
737839
737840
737841
737842
737843
737844
737845
737846
737847
737848
737849
737850
737851
737852
737853
737854
737855
737856
737857
737858
737859
737860
737861
737862
737863
737864
737865
737866
737867
737868
737869
737870
737871
737872
737873
737874
737875
737876
737877
737878
737879
737880
737881
737882
737883
737884
737885
737886
737887
737888
737889
737890
737891
737892
737893
737894
737895
737896
737897
737898
737899
737900
737901
737902
737903
737904
737905
737906
737907
737908
737909
737910
737911
737912
737913
737914
737915
737916
737917
737918
737919
737920
737921
737922
737923
737924
737925
737926
737927
737928
737929
737930
737931
737932
737933
737934
737935
737936
737937
737938
737939
737940
737941
737942
737943
737944
737945
737946
737947
737948
737949
737950
737951
737952
737953
737954
737955
737956
737957
737958
737959
737960
737961
737962
737963
737964
737965
737966
737967
737968
737969
737970
737971
737972
737973
737974
737975
737976
737977
737978
737979
737980
737981
737982
737983
737984
737985
737986
737987
737988
737989
737990
737991
737992
737993
737994
737995
737996
737997
737998
737999
738000
738001
738002
738003
738004
738005
738006
738007
738008
738009
738010
738011
738012
738013
738014
738015
738016
738017
738018
738019
738020
738021
738022
738023
738024
738025
738026
738027
738028
738029
738030
738031
738032
738033
738034
738035
738036
738037
738038
738039
738040
738041
738042
738043
738044
738045
738046
738047
738048
738049
738050
738051
738052
738053
738054
738055
738056
738057
738058
738059
738060
738061
738062
738063
738064
738065
738066
738067
738068
738069
738070
738071
738072
738073
738074
738075
738076
738077
738078
738079
738080
738081
738082
738083
738084
738085
738086
738087
738088
738089
738090
738091
738092
738093
738094
738095
738096
738097
738098
738099
738100
738101
738102
738103
738104
738105
738106
738107
738108
738109
738110
738111
738112
738113
738114
738115
738116
738117
738118
738119
738120
738121
738122
738123
738124
738125
738126
738127
738128
738129
738130
738131
738132
738133
738134
738135
738136
738137
738138
738139
738140
738141
738142
738143
738144
738145
738146
738147
738148
738149
738150
738151
738152
738153
738154
738155
738156
738157
738158
738159
738160
738161
738162
738163
738164
738165
738166
738167
738168
738169
738170
738171
738172
738173
738174
738175
738176
738177
738178
738179
738180
738181
738182
738183
738184
738185
738186
738187
738188
738189
738190
738191
738192
738193
738194
738195
738196
738197
738198
738199
738200
738201
738202
738203
738204
738205
738206
738207
738208
738209
738210
738211
738212
738213
738214
738215
738216
738217
738218
738219
738220
738221
738222
738223
738224
738225
738226
738227
738228
738229
738230
738231
738232
738233
738234
738235
738236
738237
738238
738239
738240
738241
738242
738243
738244
738245
738246
738247
738248
738249
738250
738251
738252
738253
738254
738255
738256
738257
738258
738259
738260
738261
738262
738263
738264
738265
738266
738267
738268
738269
738270
738271
738272
738273
738274
738275
738276
738277
738278
738279
738280
738281
738282
738283
738284
738285
738286
738287
738288
738289
738290
738291
738292
738293
738294
738295
738296
738297
738298
738299
738300
738301
738302
738303
738304
738305
738306
738307
738308
738309
738310
738311
738312
738313
738314
738315
738316
738317
738318
738319
738320
738321
738322
738323
738324
738325
738326
738327
738328
738329
738330
738331
738332
738333
738334
738335
738336
738337
738338
738339
738340
738341
738342
738343
738344
738345
738346
738347
738348
738349
738350
738351
738352
738353
738354
738355
738356
738357
738358
738359
738360
738361
738362
738363
738364
738365
738366
738367
738368
738369
738370
738371
738372
738373
738374
738375
738376
738377
738378
738379
738380
738381
738382
738383
738384
738385
738386
738387
738388
738389
738390
738391
738392
738393
738394
738395
738396
738397
738398
738399
738400
738401
738402
738403
738404
738405
738406
738407
738408
738409
738410
738411
738412
738413
738414
738415
738416
738417
738418
738419
738420
738421
738422
738423
738424
738425
738426
738427
738428
738429
738430
738431
738432
738433
738434
738435
738436
738437
738438
738439
738440
738441
738442
738443
738444
738445
738446
738447
738448
738449
738450
738451
738452
738453
738454
738455
738456
738457
738458
738459
738460
738461
738462
738463
738464
738465
738466
738467
738468
738469
738470
738471
738472
738473
738474
738475
738476
738477
738478
738479
738480
738481
738482
738483
738484
738485
738486
738487
738488
738489
738490
738491
738492
738493
738494
738495
738496
738497
738498
738499
738500
738501
738502
738503
738504
738505
738506
738507
738508
738509
738510
738511
738512
738513
738514
738515
738516
738517
738518
738519
738520
738521
738522
738523
738524
738525
738526
738527
738528
738529
738530
738531
738532
738533
738534
738535
738536
738537
738538
738539
738540
738541
738542
738543
738544
738545
738546
738547
738548
738549
738550
738551
738552
738553
738554
738555
738556
738557
738558
738559
738560
738561
738562
738563
738564
738565
738566
738567
738568
738569
738570
738571
738572
738573
738574
738575
738576
738577
738578
738579
738580
738581
738582
738583
738584
738585
738586
738587
738588
738589
738590
738591
738592
738593
738594
738595
738596
738597
738598
738599
738600
738601
738602
738603
738604
738605
738606
738607
738608
738609
738610
738611
738612
738613
738614
738615
738616
738617
738618
738619
738620
738621
738622
738623
738624
738625
738626
738627
738628
738629
738630
738631
738632
738633
738634
738635
738636
738637
738638
738639
738640
738641
738642
738643
738644
738645
738646
738647
738648
738649
738650
738651
738652
738653
738654
738655
738656
738657
738658
738659
738660
738661
738662
738663
738664
738665
738666
738667
738668
738669
738670
738671
738672
738673
738674
738675
738676
738677
738678
738679
738680
738681
738682
738683
738684
738685
738686
738687
738688
738689
738690
738691
738692
738693
738694
738695
738696
738697
738698
738699
738700
738701
738702
738703
738704
738705
738706
738707
738708
738709
738710
738711
738712
738713
738714
738715
738716
738717
738718
738719
738720
738721
738722
738723
738724
738725
738726
738727
738728
738729
738730
738731
738732
738733
738734
738735
738736
738737
738738
738739
738740
738741
738742
738743
738744
738745
738746
738747
738748
738749
738750
738751
738752
738753
738754
738755
738756
738757
738758
738759
738760
738761
738762
738763
738764
738765
738766
738767
738768
738769
738770
738771
738772
738773
738774
738775
738776
738777
738778
738779
738780
738781
738782
738783
738784
738785
738786
738787
738788
738789
738790
738791
738792
738793
738794
738795
738796
738797
738798
738799
738800
738801
738802
738803
738804
738805
738806
738807
738808
738809
738810
738811
738812
738813
738814
738815
738816
738817
738818
738819
738820
738821
738822
738823
738824
738825
738826
738827
738828
738829
738830
738831
738832
738833
738834
738835
738836
738837
738838
738839
738840
738841
738842
738843
738844
738845
738846
738847
738848
738849
738850
738851
738852
738853
738854
738855
738856
738857
738858
738859
738860
738861
738862
738863
738864
738865
738866
738867
738868
738869
738870
738871
738872
738873
738874
738875
738876
738877
738878
738879
738880
738881
738882
738883
738884
738885
738886
738887
738888
738889
738890
738891
738892
738893
738894
738895
738896
738897
738898
738899
738900
738901
738902
738903
738904
738905
738906
738907
738908
738909
738910
738911
738912
738913
738914
738915
738916
738917
738918
738919
738920
738921
738922
738923
738924
738925
738926
738927
738928
738929
738930
738931
738932
738933
738934
738935
738936
738937
738938
738939
738940
738941
738942
738943
738944
738945
738946
738947
738948
738949
738950
738951
738952
738953
738954
738955
738956
738957
738958
738959
738960
738961
738962
738963
738964
738965
738966
738967
738968
738969
738970
738971
738972
738973
738974
738975
738976
738977
738978
738979
738980
738981
738982
738983
738984
738985
738986
738987
738988
738989
738990
738991
738992
738993
738994
738995
738996
738997
738998
738999
739000
739001
739002
739003
739004
739005
739006
739007
739008
739009
739010
739011
739012
739013
739014
739015
739016
739017
739018
739019
739020
739021
739022
739023
739024
739025
739026
739027
739028
739029
739030
739031
739032
739033
739034
739035
739036
739037
739038
739039
739040
739041
739042
739043
739044
739045
739046
739047
739048
739049
739050
739051
739052
739053
739054
739055
739056
739057
739058
739059
739060
739061
739062
739063
739064
739065
739066
739067
739068
739069
739070
739071
739072
739073
739074
739075
739076
739077
739078
739079
739080
739081
739082
739083
739084
739085
739086
739087
739088
739089
739090
739091
739092
739093
739094
739095
739096
739097
739098
739099
739100
739101
739102
739103
739104
739105
739106
739107
739108
739109
739110
739111
739112
739113
739114
739115
739116
739117
739118
739119
739120
739121
739122
739123
739124
739125
739126
739127
739128
739129
739130
739131
739132
739133
739134
739135
739136
739137
739138
739139
739140
739141
739142
739143
739144
739145
739146
739147
739148
739149
739150
739151
739152
739153
739154
739155
739156
739157
739158
739159
739160
739161
739162
739163
739164
739165
739166
739167
739168
739169
739170
739171
739172
739173
739174
739175
739176
739177
739178
739179
739180
739181
739182
739183
739184
739185
739186
739187
739188
739189
739190
739191
739192
739193
739194
739195
739196
739197
739198
739199
739200
739201
739202
739203
739204
739205
739206
739207
739208
739209
739210
739211
739212
739213
739214
739215
739216
739217
739218
739219
739220
739221
739222
739223
739224
739225
739226
739227
739228
739229
739230
739231
739232
739233
739234
739235
739236
739237
739238
739239
739240
739241
739242
739243
739244
739245
739246
739247
739248
739249
739250
739251
739252
739253
739254
739255
739256
739257
739258
739259
739260
739261
739262
739263
739264
739265
739266
739267
739268
739269
739270
739271
739272
739273
739274
739275
739276
739277
739278
739279
739280
739281
739282
739283
739284
739285
739286
739287
739288
739289
739290
739291
739292
739293
739294
739295
739296
739297
739298
739299
739300
739301
739302
739303
739304
739305
739306
739307
739308
739309
739310
739311
739312
739313
739314
739315
739316
739317
739318
739319
739320
739321
739322
739323
739324
739325
739326
739327
739328
739329
739330
739331
739332
739333
739334
739335
739336
739337
739338
739339
739340
739341
739342
739343
739344
739345
739346
739347
739348
739349
739350
739351
739352
739353
739354
739355
739356
739357
739358
739359
739360
739361
739362
739363
739364
739365
739366
739367
739368
739369
739370
739371
739372
739373
739374
739375
739376
739377
739378
739379
739380
739381
739382
739383
739384
739385
739386
739387
739388
739389
739390
739391
739392
739393
739394
739395
739396
739397
739398
739399
739400
739401
739402
739403
739404
739405
739406
739407
739408
739409
739410
739411
739412
739413
739414
739415
739416
739417
739418
739419
739420
739421
739422
739423
739424
739425
739426
739427
739428
739429
739430
739431
739432
739433
739434
739435
739436
739437
739438
739439
739440
739441
739442
739443
739444
739445
739446
739447
739448
739449
739450
739451
739452
739453
739454
739455
739456
739457
739458
739459
739460
739461
739462
739463
739464
739465
739466
739467
739468
739469
739470
739471
739472
739473
739474
739475
739476
739477
739478
739479
739480
739481
739482
739483
739484
739485
739486
739487
739488
739489
739490
739491
739492
739493
739494
739495
739496
739497
739498
739499
739500
739501
739502
739503
739504
739505
739506
739507
739508
739509
739510
739511
739512
739513
739514
739515
739516
739517
739518
739519
739520
739521
739522
739523
739524
739525
739526
739527
739528
739529
739530
739531
739532
739533
739534
739535
739536
739537
739538
739539
739540
739541
739542
739543
739544
739545
739546
739547
739548
739549
739550
739551
739552
739553
739554
739555
739556
739557
739558
739559
739560
739561
739562
739563
739564
739565
739566
739567
739568
739569
739570
739571
739572
739573
739574
739575
739576
739577
739578
739579
739580
739581
739582
739583
739584
739585
739586
739587
739588
739589
739590
739591
739592
739593
739594
739595
739596
739597
739598
739599
739600
739601
739602
739603
739604
739605
739606
739607
739608
739609
739610
739611
739612
739613
739614
739615
739616
739617
739618
739619
739620
739621
739622
739623
739624
739625
739626
739627
739628
739629
739630
739631
739632
739633
739634
739635
739636
739637
739638
739639
739640
739641
739642
739643
739644
739645
739646
739647
739648
739649
739650
739651
739652
739653
739654
739655
739656
739657
739658
739659
739660
739661
739662
739663
739664
739665
739666
739667
739668
739669
739670
739671
739672
739673
739674
739675
739676
739677
739678
739679
739680
739681
739682
739683
739684
739685
739686
739687
739688
739689
739690
739691
739692
739693
739694
739695
739696
739697
739698
739699
739700
739701
739702
739703
739704
739705
739706
739707
739708
739709
739710
739711
739712
739713
739714
739715
739716
739717
739718
739719
739720
739721
739722
739723
739724
739725
739726
739727
739728
739729
739730
739731
739732
739733
739734
739735
739736
739737
739738
739739
739740
739741
739742
739743
739744
739745
739746
739747
739748
739749
739750
739751
739752
739753
739754
739755
739756
739757
739758
739759
739760
739761
739762
739763
739764
739765
739766
739767
739768
739769
739770
739771
739772
739773
739774
739775
739776
739777
739778
739779
739780
739781
739782
739783
739784
739785
739786
739787
739788
739789
739790
739791
739792
739793
739794
739795
739796
739797
739798
739799
739800
739801
739802
739803
739804
739805
739806
739807
739808
739809
739810
739811
739812
739813
739814
739815
739816
739817
739818
739819
739820
739821
739822
739823
739824
739825
739826
739827
739828
739829
739830
739831
739832
739833
739834
739835
739836
739837
739838
739839
739840
739841
739842
739843
739844
739845
739846
739847
739848
739849
739850
739851
739852
739853
739854
739855
739856
739857
739858
739859
739860
739861
739862
739863
739864
739865
739866
739867
739868
739869
739870
739871
739872
739873
739874
739875
739876
739877
739878
739879
739880
739881
739882
739883
739884
739885
739886
739887
739888
739889
739890
739891
739892
739893
739894
739895
739896
739897
739898
739899
739900
739901
739902
739903
739904
739905
739906
739907
739908
739909
739910
739911
739912
739913
739914
739915
739916
739917
739918
739919
739920
739921
739922
739923
739924
739925
739926
739927
739928
739929
739930
739931
739932
739933
739934
739935
739936
739937
739938
739939
739940
739941
739942
739943
739944
739945
739946
739947
739948
739949
739950
739951
739952
739953
739954
739955
739956
739957
739958
739959
739960
739961
739962
739963
739964
739965
739966
739967
739968
739969
739970
739971
739972
739973
739974
739975
739976
739977
739978
739979
739980
739981
739982
739983
739984
739985
739986
739987
739988
739989
739990
739991
739992
739993
739994
739995
739996
739997
739998
739999
006201
00679B
00687B
00687C
00694B
00695B
00696B
00697B
00719B
00720B
00722B
00723B
00724B
00725B
00726B
00727B
00734B
00740B
00741B
00746B
00749B
00750B
00751B
00754B
00755B
00756B
00758B
00759B
00760B
00761B
00764B
00768B
00772B
00773B
00777B
00778B
00779B
00780B
00781B
00782B
00785B
00786B
00787B
00788B
00789B
00791B
00792B
00793B
00795B
00799B
00834B
00836B
00838B
00840B
00841B
00842B
00844B
00845B
00846B
00847B
00848B
00849B
00853B
00856B
00857B
00858
00859B
00860B
00862B
00863B
00864B
00867B
00870B
00877
00883B
00884B
00886
00887
00888
00890B
00928
00931B
00933B
00937B
00942B
00948B
00950B
00955
00957B
00958B
00959B
00966B
00967B
00968B
00969B
00970B
009806
009807
00980B
00980D
00980T
009814
009815
00981B
00981D
00982B
00983B
00984B
00986B
00987B
020001
020025
020027
020033
020035
020040
020041
1240
1259
1264
1268
1294
1295
1336
1565
1569
1570
1580
1584
1586
1591
1593
1595
1599
1742
1777
1781
1784
1785
1788
1796
1799
1813
1815
2035
2061
2063
2064
2065
2066
2067
2070
2073
2221
2230
2235
2596
2640
2641
2643
2718
2719
2724
2726
2729
2732
2734
2736
2740
2743
2745
2751
2752
2754
2755
2756
2916
2924
2926
2937
2941
2947
2948
2949
3064
3066
3067
3071
3073
3078
3081
3083
3085
3086
3088
3093
3095
3105
3114
3115
3118
3122
3128
3131
3141
3147
3152
3158
3162
3163
3169
3171
3176
3178
3188
3191
3205
3206
3207
3211
3213
3217
3218
3219
3221
3224
3226
3227
3228
3230
3232
3234
3236
3252
3259
3260
3264
3265
3268
3272
3276
3284
3285
3287
3288
3289
3290
3293
3294
3297
3303
3306
3310
3313
3317
3322
3323
3324
3325
3332
3339
3349
3354
3357
3360
3362
3363
3372
3373
3374
3379
3388
3390
3402
3426
3430
3434
3438
3441
3444
3455
3465
3466
3467
3479
3483
3484
3489
3490
3491
3492
3498
3499
3508
3511
3512
3516
3520
3521
3522
3523
3526
3527
3529
3531
3537
3540
3541
3546
3548
3551
3552
3555
3556
3558
3564
3567
3570
3577
3580
3581
3587
3594
3597
3609
3611
3615
3623
3624
3625
3628
3629
3630
3631
3632
3646
3663
3664
3666
3672
3675
3680
3684
3685
3687
3689
3691
3693
3707
3709
3710
3713
4102
4105
4107
4109
4111
4113
4114
4116
4120
4121
4123
4126
4127
4128
4129
4130
4131
4138
4139
4147
4153
4154
4157
4160
4161
4162
4163
4166
4167
4168
4171
4173
4174
4175
4183
4188
4192
4198
4205
4207
4303
4304
4305
4401
4402
4406
4413
4416
4417
4419
4420
4430
4432
4433
4442
4502
4503
4506
4510
4513
4523
4527
4528
4529
4530
4533
4534
4535
4538
4541
4542
4543
4549
4550
4554
4556
4558
4561
4563
4568
4577
4580
4584
4609
4702
4706
4707
4711
4714
4716
4721
4726
4728
4729
4735
4741
4743
4744
4745
4747
4749
4754
4760
4767
4768
4772
4804
4806
4903
4905
4907
4908
4909
4911
4923
4924
4931
4933
4939
4946
4950
4951
4953
4966
4971
4972
4973
4974
4979
4987
4991
4995
5009
5011
5013
5014
5015
5016
5201
5202
5205
5206
5209
5210
5211
5212
5213
5220
5223
5227
5228
5230
5236
5245
5251
5263
5272
5274
5276
5278
5287
5289
5291
5299
5301
5302
5309
5310
5312
5314
5315
5321
5324
5328
5340
5344
5345
5347
5348
5351
5353
5355
5356
5364
5371
5381
5386
5392
5398
5403
5410
5425
5426
5432
5438
5439
5443
5450
5452
5455
5457
5460
5464
5465
5468
5474
5475
5478
5481
5483
5487
5488
5489
5490
5493
5498
5508
5511
5512
5514
5516
5520
5523
5529
5530
5536
5543
5547
5548
5601
5603
5604
5609
5701
5703
5704
5864
5878
5902
5903
5904
5905
6015
6016
6020
6021
6023
6026
6101
6103
6104
6109
6111
6113
6114
6118
6121
6122
6123
6124
6125
6126
6127
6129
6130
6134
6138
6140
6143
6144
6146
6147
6148
6150
6151
6154
6156
6158
6160
6161
6163
6167
6169
6170
6171
6173
6174
6175
6179
6180
6182
6185
6186
6187
6188
6190
6194
6195
6198
6199
6203
6204
6207
6208
6210
6212
6217
6218
6219
6220
6221
6222
6223
6227
6228
6229
6231
6233
6234
6236
6237
6240
6241
6242
6244
6245
6246
6248
6259
6261
6263
6264
6265
6266
6270
6274
6275
6276
6279
6284
6290
6291
6292
6294
6411
6417
6418
6419
6423
6425
6432
6435
6441
6461
6462
6465
6469
6470
6474
6482
6485
6486
6488
6492
6494
6496
6498
6499
6506
6508
6509
6510
6512
6516
6517
6523
6527
6530
6532
6535
6538
6542
6546
6547
6548
6556
6560
6561
6568
6569
6570
6574
6576
6577
6578
6584
6588
6590
6593
6596
6597
6603
6609
6612
6613
6615
6616
6617
6620
6624
6629
6637
6640
6642
6643
6649
6651
6654
6661
6662
6664
6667
6679
6680
6683
6684
6690
6692
6693
6697
6703
6708
6712
6716
6720
6721
6725
6727
6728
6730
6732
6733
6735
6739
6741
6751
6752
6761
6762
6763
6767
6785
6788
6791
6803
6804
6811
6821
6823
6829
6840
6841
6843
6844
6846
6855
6856
6859
6865
6870
6872
6874
6875
6877
6881
6884
6894
6895
6899
6903
6904
6907
6910
6913
6922
6925
6929
6953
6961
6967
6968
6971
6982
6996
6997
7402
7547
7556
7584
7642
7703
7704
7708
7709
7712
7713
7714
7715
7716
7717
7718
7723
7728
7734
7738
7743
7744
7747
7751
7753
7757
7767
7770
7777
7782
7792
7805
7810
8024
8027
8032
8034
8038
8040
8042
8043
8044
8047
8048
8049
8050
8054
8059
8064
8066
8067
8068
8069
8071
8074
8076
8077
8080
8083
8084
8085
8086
8087
8088
8089
8091
8092
8093
8096
8097
8099
8102
8107
8109
8111
8121
8147
8155
8171
8176
8182
8183
8227
8234
8240
8255
8272
8277
8279
8284
8289
8291
8299
8342
8349
8354
8358
8383
8390
8401
8403
8409
8410
8415
8416
8421
8423
8424
8426
8431
8432
8433
8435
8436
8437
8440
8444
8446
8450
8455
8472
8477
8489
8905
8906
8908
8916
8917
8921
8923
8924
8927
8928
8929
8930
8931
8932
8933
8935
8936
8937
8938
8941
8942
9949
9950
9951
9960
9962
8349A
01014S
01015S
01016S
01017S
01111S
01112S
01113S
01114S