705848
705869
707157
707158
707159
707161
707162
707163
707164
707165
707166
707167
707169
707173
707174
707175
707189
707190
707462
707463
707491
707492
707493
707494
707835
707836
707837
707838
707841
707842
707843
707845
707846
707847
707848
707851
707852
707854
707861
707865
707866
707867
707869
707878
707879
707973
707986
707987
707988
708024
708069
708287
708924
708998
709067
709070
709239
709372
709407
709609
709610
709611
709612
709664
709783
709799
709831
709832
709847
709889
709911
709912
709921
709984
710028
710067
710075
710076
710093
710094
710110
710133
710137
710162
710163
710165
710167
710207
710208
710210
710211
710254
710255
710259
710285
710325
710327
710337
710339
710340
710343
710344
710353
710376
710393
710394
710395
710397
710433
710443
710444
710449
710451
710469
710474
710485
710495
710496
710498
710503
710504
710506
710507
710513
710527
710550
710552
710586
710587
710606
710607
710639
710648
710649
710650
710652
710668
710669
710670
710671
710675
710680
710681
710687
710690
710691
710692
710693
710694
710695
710713
710714
710717
710721
710722
710723
710725
710727
710728
710730
710732
710734
710735
710750
710754
710756
710757
710762
710764
710767
710768
710769
710770
710772
710785
710786
710790
710795
710797
710805
710811
710818
710819
710831
710833
710838
710842
710850
710854
710860
710863
710865
710874
710879
710890
710891
710900
710903
710913
710914
710916
710917
710922
710930
710938
710949
710950
710951
710959
710961
710964
710965
710968
710971
710976
710977
710983
710984
710985
710988
710989
710990
710995
710996
710998
710999
711000
711001
711008
711011
711024
711031
711033
711045
711050
711056
711062
711063
711064
711066
711068
711071
711072
711074
711075
711076
711078
711081
711082
711083
711084
711086
711091
711093
711095
711097
711100
711108
711110
711111
711112
711113
711123
711124
711125
711128
711129
711130
711136
711138
711142
711143
711144
711148
711149
711151
711157
711161
711162
711164
711165
711166
711167
711169
711174
711180
711182
711183
711184
711185
711188
711196
711197
711199
711200
711204
711207
711208
711217
711218
711224
711228
711232
711234
711235
711242
711245
711254
711255
711256
711258
711259
711270
711271
711272
711276
711280
711285
711290
711291
711292
711293
711294
711295
711296
711297
711298
711299
711300
711301
711302
711303
711304
711305
711306
711307
711308
711309
711310
711311
711312
711313
711314
711315
711316
711317
711318
711319
711320
711321
711322
711323
711324
711325
711326
711327
711328
711329
711330
711331
711332
711333
711334
711335
711336
711337
711338
711339
711340
711341
711342
711343
711344
711345
711346
711347
711348
711349
711350
711351
711352
711353
711354
711355
711356
711357
711358
711359
711360
711361
711362
711363
711364
711365
711366
711367
711368
711369
711370
711371
711372
711373
711374
711375
711376
711377
711378
711379
711380
711381
711382
711383
711384
711385
711386
711387
711388
711389
711390
711391
711392
711393
711394
711395
711396
711397
711398
711399
711400
711401
711402
711403
711404
711405
711406
711407
711408
711409
711410
711411
711412
711413
711414
711415
711416
711417
711418
711419
711420
711421
711422
711423
711424
711425
711426
711427
711428
711429
711430
711431
711432
711433
711434
711435
711436
711437
711438
711439
711440
711441
711442
711443
711444
711445
711446
711447
711448
711449
711450
711451
711452
711453
711454
711455
711456
711457
711458
711459
711460
711461
711462
711463
711464
711465
711466
711467
711468
711469
711470
711471
711472
711473
711474
711475
711476
711477
711478
711479
711480
711481
711482
711483
711484
711485
711486
711487
711488
711489
711490
711491
711492
711493
711494
711495
711496
711497
711498
711499
711500
711501
711502
711503
711504
711505
711506
711507
711508
711509
711510
711511
711512
711513
711514
711515
711516
711517
711518
711519
711520
711521
711522
711523
711524
711525
711526
711527
711528
711529
711530
711531
711532
711533
711534
711535
711536
711537
711538
711539
711540
711541
711542
711543
711544
711545
711546
711547
711548
711549
711550
711551
711552
711553
711554
711555
711556
711557
711558
711559
711560
711561
711562
711563
711564
711565
711566
711567
711568
711569
711570
711571
711572
711573
711574
711575
711576
711577
711578
711579
711580
711581
711582
711583
711584
711585
711586
711587
711588
711589
711590
711591
711592
711593
711594
711595
711596
711597
711598
711599
711600
711601
711602
711603
711604
711605
711606
711607
711608
711609
711610
711611
711612
711613
711614
711615
711616
711617
711618
711619
711620
711621
711622
711623
711624
711625
711626
711627
711628
711629
711630
711631
711632
711633
711634
711635
711636
711637
711638
711639
711640
711641
711642
711643
711644
711645
711646
711647
711648
711649
711650
711651
711652
711653
711654
711655
711656
711657
711658
711659
711660
711661
711662
711663
711664
711665
711666
711667
711668
711669
711670
711671
711672
711673
711674
711675
711676
711677
711678
711679
711680
711681
711682
711683
711684
711685
711686
711687
711688
711689
711690
711691
711692
711693
711694
711695
711696
711697
711698
711699
711700
711701
711702
711703
711704
711705
711706
711707
711708
711709
711710
711711
711712
711713
711714
711715
711716
711717
711718
711719
711720
711721
711722
711723
711724
711725
711726
711727
711728
711729
711730
711731
711732
711733
711734
711735
711736
711737
711738
711739
711740
711741
711742
711743
711744
711745
711746
711747
711748
711749
711750
711751
711752
711753
711754
711755
711756
711757
711758
711759
711760
711761
711762
711763
711764
711765
711766
711767
711768
711769
711770
711771
711772
711773
711774
711775
711776
711777
711778
711779
711780
711781
711782
711783
711784
711785
711786
711787
711788
711789
711790
711791
711792
711793
711794
711795
711796
711797
711798
711799
711800
711801
711802
711803
711804
711805
711806
711807
711808
711809
711810
711811
711812
711813
711814
711815
711816
711817
711818
711819
711820
711821
711822
711823
711824
711825
711826
711827
711828
711829
711830
711831
711832
711833
711834
711835
711836
711837
711838
711839
711840
711841
711842
711843
711844
711845
711846
711847
711848
711849
711850
711851
711852
711853
711854
711855
711856
711857
711858
711859
711860
711861
711862
711863
711864
711865
711866
711867
711868
711869
711870
711871
711872
711873
711874
711875
711876
711877
711878
711879
711880
711881
711882
711883
711884
711885
711886
711887
711888
711889
711890
711891
711892
711893
711894
711895
711896
711897
711898
711899
711900
711901
711902
711903
711904
711905
711906
711907
711908
711909
711910
711911
711912
711913
711914
711915
711916
711917
711918
711919
711920
711921
711922
711923
711924
711925
711926
711927
711928
711929
711930
711931
711932
711933
711934
711935
711936
711937
711938
711939
711940
711941
711942
711943
711944
711945
711946
711947
711948
711949
711950
711951
711952
711953
711954
711955
711956
711957
711958
711959
711960
711961
711962
711963
711964
711965
711966
711967
711968
711969
711970
711971
711972
711973
711974
711975
711976
711977
711978
711979
711980
711981
711982
711983
711984
711985
711986
711987
711988
711989
711990
711991
711992
711993
711994
711995
711996
711997
711998
711999
712000
712001
712002
712003
712004
712005
712006
712007
712008
712009
712010
712011
712012
712013
712014
712015
712016
712017
712018
712019
712020
712021
712022
712023
712024
712025
712026
712027
712028
712029
712030
712031
712032
712033
712034
712035
712036
712037
712038
712039
712040
712041
712042
712043
712044
712045
712046
712047
712048
712049
712050
712051
712052
712053
712054
712055
712056
712057
712058
712059
712060
712061
712062
712063
712064
712065
712066
712067
712068
712069
712070
712071
712072
712073
712074
712075
712076
712077
712078
712079
712080
712081
712082
712083
712084
712085
712086
712087
712088
712089
712090
712091
712092
712093
712094
712095
712096
712097
712098
712099
712100
712101
712102
712103
712104
712105
712106
712107
712108
712109
712110
712111
712112
712113
712114
712115
712116
712117
712118
712119
712120
712121
712122
712123
712124
712125
712126
712127
712128
712129
712130
712131
712132
712133
712134
712135
712136
712137
712138
712139
712140
712141
712142
712143
712144
712145
712146
712147
712148
712149
712150
712151
712152
712153
712154
712155
712156
712157
712158
712159
712160
712161
712162
712163
712164
712165
712166
712167
712168
712169
712170
712171
712172
712173
712174
712175
712176
712177
712178
712179
712180
712181
712182
712183
712184
712185
712186
712187
712188
712189
712190
712191
712192
712193
712194
712195
712196
712197
712198
712199
712200
712201
712202
712203
712204
712205
712206
712207
712208
712209
712210
712211
712212
712213
712214
712215
712216
712217
712218
712219
712220
712221
712222
712223
712224
712225
712226
712227
712228
712229
712230
712231
712232
712233
712234
712235
712236
712237
712238
712239
712240
712241
712242
712243
712244
712245
712246
712247
712248
712249
712250
712251
712252
712253
712254
712255
712256
712257
712258
712259
712260
712261
712262
712263
712264
712265
712266
712267
712268
712269
712270
712271
712272
712273
712274
712275
712276
712277
712278
712279
712280
712281
712282
712283
712284
712285
712286
712287
712288
712289
712290
712291
712292
712293
712294
712295
712296
712297
712298
712299
712300
712301
712302
712303
712304
712305
712306
712307
712308
712309
712310
712311
712312
712313
712314
712315
712316
712317
712318
712319
712320
712321
712322
712323
712324
712325
712326
712327
712328
712329
712330
712331
712332
712333
712334
712335
712336
712337
712338
712339
712340
712341
712342
712343
712344
712345
712346
712347
712348
712349
712350
712351
712352
712353
712354
712355
712356
712357
712358
712359
712360
712361
712362
712363
712364
712365
712366
712367
712368
712369
712370
712371
712372
712373
712374
712375
712376
712377
712378
712379
712380
712381
712382
712383
712384
712385
712386
712387
712388
712389
712390
712391
712392
712393
712394
712395
712396
712397
712398
712399
712400
712401
712402
712403
712404
712405
712406
712407
712408
712409
712410
712411
712412
712413
712414
712415
712416
712417
712418
712419
712420
712421
712422
712423
712424
712425
712426
712427
712428
712429
712430
712431
712432
712433
712434
712435
712436
712437
712438
712439
712440
712441
712442
712443
712444
712445
712446
712447
712448
712449
712450
712451
712452
712453
712454
712455
712456
712457
712458
712459
712460
712461
712462
712463
712464
712465
712466
712467
712468
712469
712470
712471
712472
712473
712474
712475
712476
712477
712478
712479
712480
712481
712482
712483
712484
712485
712486
712487
712488
712489
712490
712491
712492
712493
712494
712495
712496
712497
712498
712499
712500
712501
712502
712503
712504
712505
712506
712507
712508
712509
712510
712511
712512
712513
712514
712515
712516
712517
712518
712519
712520
712521
712522
712523
712524
712525
712526
712527
712528
712529
712530
712531
712532
712533
712534
712535
712536
712537
712538
712539
712540
712541
712542
712543
712544
712545
712546
712547
712548
712549
712550
712551
712552
712553
712554
712555
712556
712557
712558
712559
712560
712561
712562
712563
712564
712565
712566
712567
712568
712569
712570
712571
712572
712573
712574
712575
712576
712577
712578
712579
712580
712581
712582
712583
712584
712585
712586
712587
712588
712589
712590
712591
712592
712593
712594
712595
712596
712597
712598
712599
712600
712601
712602
712603
712604
712605
712606
712607
712608
712609
712610
712611
712612
712613
712614
712615
712616
712617
712618
712619
712620
712621
712622
712623
712624
712625
712626
712627
712628
712629
712630
712631
712632
712633
712634
712635
712636
712637
712638
712639
712640
712641
712642
712643
712644
712645
712646
712647
712648
712649
712650
712651
712652
712653
712654
712655
712656
712657
712658
712659
712660
712661
712662
712663
712664
712665
712666
712667
712668
712669
712670
712671
712672
712673
712674
712675
712676
712677
712678
712679
712680
712681
712682
712683
712684
712685
712686
712687
712688
712689
712690
712691
712692
712693
712694
712695
712696
712697
712698
712699
712700
712701
712702
712703
712704
712705
712706
712707
712708
712709
712710
712711
712712
712713
712714
712715
712716
712717
712718
712719
712720
712721
712722
712723
712724
712725
712726
712727
712728
712729
712730
712731
712732
712733
712734
712735
712736
712737
712738
712739
712740
712741
712742
712743
712744
712745
712746
712747
712748
712749
712750
712751
712752
712753
712754
712755
712756
712757
712758
712759
712760
712761
712762
712763
712764
712765
712766
712767
712768
712769
712770
712771
712772
712773
712774
712775
712776
712777
712778
712779
712780
712781
712782
712783
712784
712785
712786
712787
712788
712789
712790
712791
712792
712793
712794
712795
712796
712797
712798
712799
712800
712801
712802
712803
712804
712805
712806
712807
712808
712809
712810
712811
712812
712813
712814
712815
712816
712817
712818
712819
712820
712821
712822
712823
712824
712825
712826
712827
712828
712829
712830
712831
712832
712833
712834
712835
712836
712837
712838
712839
712840
712841
712842
712843
712844
712845
712846
712847
712848
712849
712850
712851
712852
712853
712854
712855
712856
712857
712858
712859
712860
712861
712862
712863
712864
712865
712866
712867
712868
712869
712870
712871
712872
712873
712874
712875
712876
712877
712878
712879
712880
712881
712882
712883
712884
712885
712886
712887
712888
712889
712890
712891
712892
712893
712894
712895
712896
712897
712898
712899
712900
712901
712902
712903
712904
712905
712906
712907
712908
712909
712910
712911
712912
712913
712914
712915
712916
712917
712918
712919
712920
712921
712922
712923
712924
712925
712926
712927
712928
712929
712930
712931
712932
712933
712934
712935
712936
712937
712938
712939
712940
712941
712942
712943
712944
712945
712946
712947
712948
712949
712950
712951
712952
712953
712954
712955
712956
712957
712958
712959
712960
712961
712962
712963
712964
712965
712966
712967
712968
712969
712970
712971
712972
712973
712974
712975
712976
712977
712978
712979
712980
712981
712982
712983
712984
712985
712986
712987
712988
712989
712990
712991
712992
712993
712994
712995
712996
712997
712998
712999
713000
713001
713002
713003
713004
713005
713006
713007
713008
713009
713010
713011
713012
713013
713014
713015
713016
713017
713018
713019
713020
713021
713022
713023
713024
713025
713026
713027
713028
713029
713030
713031
713032
713033
713034
713035
713036
713037
713038
713039
713040
713041
713042
713043
713044
713045
713046
713047
713048
713049
713050
713051
713052
713053
713054
713055
713056
713057
713058
713059
713060
713061
713062
713063
713064
713065
713066
713067
713068
713069
713070
713071
713072
713073
713074
713075
713076
713077
713078
713079
713080
713081
713082
713083
713084
713085
713086
713087
713088
713089
713090
713091
713092
713093
713094
713095
713096
713097
713098
713099
713100
713101
713102
713103
713104
713105
713106
713107
713108
713109
713110
713111
713112
713113
713114
713115
713116
713117
713118
713119
713120
713121
713122
713123
713124
713125
713126
713127
713128
713129
713130
713131
713132
713133
713134
713135
713136
713137
713138
713139
713140
713141
713142
713143
713144
713145
713146
713147
713148
713149
713150
713151
713152
713153
713154
713155
713156
713157
713158
713159
713160
713161
713162
713163
713164
713165
713166
713167
713168
713169
713170
713171
713172
713173
713174
713175
713176
713177
713178
713179
713180
713181
713182
713183
713184
713185
713186
713187
713188
713189
713190
713191
713192
713193
713194
713195
713196
713197
713198
713199
713200
713201
713202
713203
713204
713205
713206
713207
713208
713209
713210
713211
713212
713213
713214
713215
713216
713217
713218
713219
713220
713221
713222
713223
713224
713225
713226
713227
713228
713229
713230
713231
713232
713233
713234
713235
713236
713237
713238
713239
713240
713241
713242
713243
713244
713245
713246
713247
713248
713249
713250
713251
713252
713253
713254
713255
713256
713257
713258
713259
713260
713261
713262
713263
713264
713265
713266
713267
713268
713269
713270
713271
713272
713273
713274
713275
713276
713277
713278
713279
713280
713281
713282
713283
713284
713285
713286
713287
713288
713289
713290
713291
713292
713293
713294
713295
713296
713297
713298
713299
713300
713301
713302
713303
713304
713305
713306
713307
713308
713309
713310
713311
713312
713313
713314
713315
713316
713317
713318
713319
713320
713321
713322
713323
713324
713325
713326
713327
713328
713329
713330
713331
713332
713333
713334
713335
713336
713337
713338
713339
713340
713341
713342
713343
713344
713345
713346
713347
713348
713349
713350
713351
713352
713353
713354
713355
713356
713357
713358
713359
713360
713361
713362
713363
713364
713365
713366
713367
713368
713369
713370
713371
713372
713373
713374
713375
713376
713377
713378
713379
713380
713381
713382
713383
713384
713385
713386
713387
713388
713389
713390
713391
713392
713393
713394
713395
713396
713397
713398
713399
713400
713401
713402
713403
713404
713405
713406
713407
713408
713409
713410
713411
713412
713413
713414
713415
713416
713417
713418
713419
713420
713421
713422
713423
713424
713425
713426
713427
713428
713429
713430
713431
713432
713433
713434
713435
713436
713437
713438
713439
713440
713441
713442
713443
713444
713445
713446
713447
713448
713449
713450
713451
713452
713453
713454
713455
713456
713457
713458
713459
713460
713461
713462
713463
713464
713465
713466
713467
713468
713469
713470
713471
713472
713473
713474
713475
713476
713477
713478
713479
713480
713481
713482
713483
713484
713485
713486
713487
713488
713489
713490
713491
713492
713493
713494
713495
713496
713497
713498
713499
713500
713501
713502
713503
713504
713505
713506
713507
713508
713509
713510
713511
713512
713513
713514
713515
713516
713517
713518
713519
713520
713521
713522
713523
713524
713525
713526
713527
713528
713529
713530
713531
713532
713533
713534
713535
713536
713537
713538
713539
713540
713541
713542
713543
713544
713545
713546
713547
713548
713549
713550
713551
713552
713553
713554
713555
713556
713557
713558
713559
713560
713561
713562
713563
713564
713565
713566
713567
713568
713569
713570
713571
713572
713573
713574
713575
713576
713577
713578
713579
713580
713581
713582
713583
713584
713585
713586
713587
713588
713589
713590
713591
713592
713593
713594
713595
713596
713597
713598
713599
713600
713601
713602
713603
713604
713605
713606
713607
713608
713609
713610
713611
713612
713613
713614
713615
713616
713617
713618
713619
713620
713621
713622
713623
713624
713625
713626
713627
713628
713629
713630
713631
713632
713633
713634
713635
713636
713637
713638
713639
713640
713641
713642
713643
713644
713645
713646
713647
713648
713649
713650
713651
713652
713653
713654
713655
713656
713657
713658
713659
713660
713661
713662
713663
713664
713665
713666
713667
713668
713669
713670
713671
713672
713673
713674
713675
713676
713677
713678
713679
713680
713681
713682
713683
713684
713685
713686
713687
713688
713689
713690
713691
713692
713693
713694
713695
713696
713697
713698
713699
713700
713701
713702
713703
713704
713705
713706
713707
713708
713709
713710
713711
713712
713713
713714
713715
713716
713717
713718
713719
713720
713721
713722
713723
713724
713725
713726
713727
713728
713729
713730
713731
713732
713733
713734
713735
713736
713737
713738
713739
713740
713741
713742
713743
713744
713745
713746
713747
713748
713749
713750
713751
713752
713753
713754
713755
713756
713757
713758
713759
713760
713761
713762
713763
713764
713765
713766
713767
713768
713769
713770
713771
713772
713773
713774
713775
713776
713777
713778
713779
713780
713781
713782
713783
713784
713785
713786
713787
713788
713789
713790
713791
713792
713793
713794
713795
713796
713797
713798
713799
713800
713801
713802
713803
713804
713805
713806
713807
713808
713809
713810
713811
713812
713813
713814
713815
713816
713817
713818
713819
713820
713821
713822
713823
713824
713825
713826
713827
713828
713829
713830
713831
713832
713833
713834
713835
713836
713837
713838
713839
713840
713841
713842
713843
713844
713845
713846
713847
713848
713849
713850
713851
713852
713853
713854
713855
713856
713857
713858
713859
713860
713861
713862
713863
713864
713865
713866
713867
713868
713869
713870
713871
713872
713873
713874
713875
713876
713877
713878
713879
713880
713881
713882
713883
713884
713885
713886
713887
713888
713889
713890
713891
713892
713893
713894
713895
713896
713897
713898
713899
713900
713901
713902
713903
713904
713905
713906
713907
713908
713909
713910
713911
713912
713913
713914
713915
713916
713917
713918
713919
713920
713921
713922
713923
713924
713925
713926
713927
713928
713929
713930
713931
713932
713933
713934
713935
713936
713937
713938
713939
713940
713941
713942
713943
713944
713945
713946
713947
713948
713949
713950
713951
713952
713953
713954
713955
713956
713957
713958
713959
713960
713961
713962
713963
713964
713965
713966
713967
713968
713969
713970
713971
713972
713973
713974
713975
713976
713977
713978
713979
713980
713981
713982
713983
713984
713985
713986
713987
713988
713989
713990
713991
713992
713993
713994
713995
713996
713997
713998
713999
714000
714001
714002
714003
714004
714005
714006
714007
714008
714009
714010
714011
714012
714013
714014
714015
714016
714017
714018
714019
714020
714021
714022
714023
714024
714025
714026
714027
714028
714029
714030
714031
714032
714033
714034
714035
714036
714037
714038
714039
714040
714041
714042
714043
714044
714045
714046
714047
714048
714049
714050
714051
714052
714053
714054
714055
714056
714057
714058
714059
714060
714061
714062
714063
714064
714065
714066
714067
714068
714069
714070
714071
714072
714073
714074
714075
714076
714077
714078
714079
714080
714081
714082
714083
714084
714085
714086
714087
714088
714089
714090
714091
714092
714093
714094
714095
714096
714097
714098
714099
714100
714101
714102
714103
714104
714105
714106
714107
714108
714109
714110
714111
714112
714113
714114
714115
714116
714117
714118
714119
714120
714121
714122
714123
714124
714125
714126
714127
714128
714129
714130
714131
714132
714133
714134
714135
714136
714137
714138
714139
714140
714141
714142
714143
714144
714145
714146
714147
714148
714149
714150
714151
714152
714153
714154
714155
714156
714157
714158
714159
714160
714161
714162
714163
714164
714165
714166
714167
714168
714169
714170
714171
714172
714173
714174
714175
714176
714177
714178
714179
714180
714181
714182
714183
714184
714185
714186
714187
714188
714189
714190
714191
714192
714193
714194
714195
714196
714197
714198
714199
714200
714201
714202
714203
714204
714205
714206
714207
714208
714209
714210
714211
714212
714213
714214
714215
714216
714217
714218
714219
714220
714221
714222
714223
714224
714225
714226
714227
714228
714229
714230
714231
714232
714233
714234
714235
714236
714237
714238
714239
714240
714241
714242
714243
714244
714245
714246
714247
714248
714249
714250
714251
714252
714253
714254
714255
714256
714257
714258
714259
714260
714261
714262
714263
714264
714265
714266
714267
714268
714269
714270
714271
714272
714273
714274
714275
714276
714277
714278
714279
714280
714281
714282
714283
714284
714285
714286
714287
714288
714289
714290
714291
714292
714293
714294
714295
714296
714297
714298
714299
714300
714301
714302
714303
714304
714305
714306
714307
714308
714309
714310
714311
714312
714313
714314
714315
714316
714317
714318
714319
714320
714321
714322
714323
714324
714325
714326
714327
714328
714329
714330
714331
714332
714333
714334
714335
714336
714337
714338
714339
714340
714341
714342
714343
714344
714345
714346
714347
714348
714349
714350
714351
714352
714353
714354
714355
714356
714357
714358
714359
714360
714361
714362
714363
714364
714365
714366
714367
714368
714369
714370
714371
714372
714373
714374
714375
714376
714377
714378
714379
714380
714381
714382
714383
714384
714385
714386
714387
714388
714389
714390
714391
714392
714393
714394
714395
714396
714397
714398
714399
714400
714401
714402
714403
714404
714405
714406
714407
714408
714409
714410
714411
714412
714413
714414
714415
714416
714417
714418
714419
714420
714421
714422
714423
714424
714425
714426
714427
714428
714429
714430
714431
714432
714433
714434
714435
714436
714437
714438
714439
714440
714441
714442
714443
714444
714445
714446
714447
714448
714449
714450
714451
714452
714453
714454
714455
714456
714457
714458
714459
714460
714461
714462
714463
714464
714465
714466
714467
714468
714469
714470
714471
714472
714473
714474
714475
714476
714477
714478
714479
714480
714481
714482
714483
714484
714485
714486
714487
714488
714489
714490
714491
714492
714493
714494
714495
714496
714497
714498
714499
714500
714501
714502
714503
714504
714505
714506
714507
714508
714509
714510
714511
714512
714513
714514
714515
714516
714517
714518
714519
714520
714521
714522
714523
714524
714525
714526
714527
714528
714529
714530
714531
714532
714533
714534
714535
714536
714537
714538
714539
714540
714541
714542
714543
714544
714545
714546
714547
714548
714549
714550
714551
714552
714553
714554
714555
714556
714557
714558
714559
714560
714561
714562
714563
714564
714565
714566
714567
714568
714569
714570
714571
714572
714573
714574
714575
714576
714577
714578
714579
714580
714581
714582
714583
714584
714585
714586
714587
714588
714589
714590
714591
714592
714593
714594
714595
714596
714597
714598
714599
714600
714601
714602
714603
714604
714605
714606
714607
714608
714609
714610
714611
714612
714613
714614
714615
714616
714617
714618
714619
714620
714621
714622
714623
714624
714625
714626
714627
714628
714629
714630
714631
714632
714633
714634
714635
714636
714637
714638
714639
714640
714641
714642
714643
714644
714645
714646
714647
714648
714649
714650
714651
714652
714653
714654
714655
714656
714657
714658
714659
714660
714661
714662
714663
714664
714665
714666
714667
714668
714669
714670
714671
714672
714673
714674
714675
714676
714677
714678
714679
714680
714681
714682
714683
714684
714685
714686
714687
714688
714689
714690
714691
714692
714693
714694
714695
714696
714697
714698
714699
714700
714701
714702
714703
714704
714705
714706
714707
714708
714709
714710
714711
714712
714713
714714
714715
714716
714717
714718
714719
714720
714721
714722
714723
714724
714725
714726
714727
714728
714729
714730
714731
714732
714733
714734
714735
714736
714737
714738
714739
714740
714741
714742
714743
714744
714745
714746
714747
714748
714749
714750
714751
714752
714753
714754
714755
714756
714757
714758
714759
714760
714761
714762
714763
714764
714765
714766
714767
714768
714769
714770
714771
714772
714773
714774
714775
714776
714777
714778
714779
714780
714781
714782
714783
714784
714785
714786
714787
714788
714789
714790
714791
714792
714793
714794
714795
714796
714797
714798
714799
714800
714801
714802
714803
714804
714805
714806
714807
714808
714809
714810
714811
714812
714813
714814
714815
714816
714817
714818
714819
714820
714821
714822
714823
714824
714825
714826
714827
714828
714829
714830
714831
714832
714833
714834
714835
714836
714837
714838
714839
714840
714841
714842
714843
714844
714845
714846
714847
714848
714849
714850
714851
714852
714853
714854
714855
714856
714857
714858
714859
714860
714861
714862
714863
714864
714865
714866
714867
714868
714869
714870
714871
714872
714873
714874
714875
714876
714877
714878
714879
714880
714881
714882
714883
714884
714885
714886
714887
714888
714889
714890
714891
714892
714893
714894
714895
714896
714897
714898
714899
714900
714901
714902
714903
714904
714905
714906
714907
714908
714909
714910
714911
714912
714913
714914
714915
714916
714917
714918
714919
714920
714921
714922
714923
714924
714925
714926
714927
714928
714929
714930
714931
714932
714933
714934
714935
714936
714937
714938
714939
714940
714941
714942
714943
714944
714945
714946
714947
714948
714949
714950
714951
714952
714953
714954
714955
714956
714957
714958
714959
714960
714961
714962
714963
714964
714965
714966
714967
714968
714969
714970
714971
714972
714973
714974
714975
714976
714977
714978
714979
714980
714981
714982
714983
714984
714985
714986
714987
714988
714989
714990
714991
714992
714993
714994
714995
714996
714997
714998
714999
715000
715001
715002
715003
715004
715005
715006
715007
715008
715009
715010
715011
715012
715013
715014
715015
715016
715017
715018
715019
715020
715021
715022
715023
715024
715025
715026
715027
715028
715029
715030
715031
715032
715033
715034
715035
715036
715037
715038
715039
715040
715041
715042
715043
715044
715045
715046
715047
715048
715049
715050
715051
715052
715053
715054
715055
715056
715057
715058
715059
715060
715061
715062
715063
715064
715065
715066
715067
715068
715069
715070
715071
715072
715073
715074
715075
715076
715077
715078
715079
715080
715081
715082
715083
715084
715085
715086
715087
715088
715089
715090
715091
715092
715093
715094
715095
715096
715097
715098
715099
715100
715101
715102
715103
715104
715105
715106
715107
715108
715109
715110
715111
715112
715113
715114
715115
715116
715117
715118
715119
715120
715121
715122
715123
715124
715125
715126
715127
715128
715129
715130
715131
715132
715133
715134
715135
715136
715137
715138
715139
715140
715141
715142
715143
715144
715145
715146
715147
715148
715149
715150
715151
715152
715153
715154
715155
715156
715157
715158
715159
715160
715161
715162
715163
715164
715165
715166
715167
715168
715169
715170
715171
715172
715173
715174
715175
715176
715177
715178
715179
715180
715181
715182
715183
715184
715185
715186
715187
715188
715189
715190
715191
715192
715193
715194
715195
715196
715197
715198
715199
715200
715201
715202
715203
715204
715205
715206
715207
715208
715209
715210
715211
715212
715213
715214
715215
715216
715217
715218
715219
715220
715221
715222
715223
715224
715225
715226
715227
715228
715229
715230
715231
715232
715233
715234
715235
715236
715237
715238
715239
715240
715241
715242
715243
715244
715245
715246
715247
715248
715249
715250
715251
715252
715253
715254
715255
715256
715257
715258
715259
715260
715261
715262
715263
715264
715265
715266
715267
715268
715269
715270
715271
715272
715273
715274
715275
715276
715277
715278
715279
715280
715281
715282
715283
715284
715285
715286
715287
715288
715289
715290
715291
715292
715293
715294
715295
715296
715297
715298
715299
715300
715301
715302
715303
715304
715305
715306
715307
715308
715309
715310
715311
715312
715313
715314
715315
715316
715317
715318
715319
715320
715321
715322
715323
715324
715325
715326
715327
715328
715329
715330
715331
715332
715333
715334
715335
715336
715337
715338
715339
715340
715341
715342
715343
715344
715345
715346
715347
715348
715349
715350
715351
715352
715353
715354
715355
715356
715357
715358
715359
715360
715361
715362
715363
715364
715365
715366
715367
715368
715369
715370
715371
715372
715373
715374
715375
715376
715377
715378
715379
715380
715381
715382
715383
715384
715385
715386
715387
715388
715389
715390
715391
715392
715393
715394
715395
715396
715397
715398
715399
715400
715401
715402
715403
715404
715405
715406
715407
715408
715409
715410
715411
715412
715413
715414
715415
715416
715417
715418
715419
715420
715421
715422
715423
715424
715425
715426
715427
715428
715429
715430
715431
715432
715433
715434
715435
715436
715437
715438
715439
715440
715441
715442
715443
715444
715445
715446
715447
715448
715449
715450
715451
715452
715453
715454
715455
715456
715457
715458
715459
715460
715461
715462
715463
715464
715465
715466
715467
715468
715469
715470
715471
715472
715473
715474
715475
715476
715477
715478
715479
715480
715481
715482
715483
715484
715485
715486
715487
715488
715489
715490
715491
715492
715493
715494
715495
715496
715497
715498
715499
715500
715501
715502
715503
715504
715505
715506
715507
715508
715509
715510
715511
715512
715513
715514
715515
715516
715517
715518
715519
715520
715521
715522
715523
715524
715525
715526
715527
715528
715529
715530
715531
715532
715533
715534
715535
715536
715537
715538
715539
715540
715541
715542
715543
715544
715545
715546
715547
715548
715549
715550
715551
715552
715553
715554
715555
715556
715557
715558
715559
715560
715561
715562
715563
715564
715565
715566
715567
715568
715569
715570
715571
715572
715573
715574
715575
715576
715577
715578
715579
715580
715581
715582
715583
715584
715585
715586
715587
715588
715589
715590
715591
715592
715593
715594
715595
715596
715597
715598
715599
715600
715601
715602
715603
715604
715605
715606
715607
715608
715609
715610
715611
715612
715613
715614
715615
715616
715617
715618
715619
715620
715621
715622
715623
715624
715625
715626
715627
715628
715629
715630
715631
715632
715633
715634
715635
715636
715637
715638
715639
715640
715641
715642
715643
715644
715645
715646
715647
715648
715649
715650
715651
715652
715653
715654
715655
715656
715657
715658
715659
715660
715661
715662
715663
715664
715665
715666
715667
715668
715669
715670
715671
715672
715673
715674
715675
715676
715677
715678
715679
715680
715681
715682
715683
715684
715685
715686
715687
715688
715689
715690
715691
715692
715693
715694
715695
715696
715697
715698
715699
715700
715701
715702
715703
715704
715705
715706
715707
715708
715709
715710
715711
715712
715713
715714
715715
715716
715717
715718
715719
715720
715721
715722
715723
715724
715725
715726
715727
715728
715729
715730
715731
715732
715733
715734
715735
715736
715737
715738
715739
715740
715741
715742
715743
715744
715745
715746
715747
715748
715749
715750
715751
715752
715753
715754
715755
715756
715757
715758
715759
715760
715761
715762
715763
715764
715765
715766
715767
715768
715769
715770
715771
715772
715773
715774
715775
715776
715777
715778
715779
715780
715781
715782
715783
715784
715785
715786
715787
715788
715789
715790
715791
715792
715793
715794
715795
715796
715797
715798
715799
715800
715801
715802
715803
715804
715805
715806
715807
715808
715809
715810
715811
715812
715813
715814
715815
715816
715817
715818
715819
715820
715821
715822
715823
715824
715825
715826
715827
715828
715829
715830
715831
715832
715833
715834
715835
715836
715837
715838
715839
715840
715841
715842
715843
715844
715845
715846
715847
715848
715849
715850
715851
715852
715853
715854
715855
715856
715857
715858
715859
715860
715861
715862
715863
715864
715865
715866
715867
715868
715869
715870
715871
715872
715873
715874
715875
715876
715877
715878
715879
715880
715881
715882
715883
715884
715885
715886
715887
715888
715889
715890
715891
715892
715893
715894
715895
715896
715897
715898
715899
715900
715901
715902
715903
715904
715905
715906
715907
715908
715909
715910
715911
715912
715913
715914
715915
715916
715917
715918
715919
715920
715921
715922
715923
715924
715925
715926
715927
715928
715929
715930
715931
715932
715933
715934
715935
715936
715937
715938
715939
715940
715941
715942
715943
715944
715945
715946
715947
715948
715949
715950
715951
715952
715953
715954
715955
715956
715957
715958
715959
715960
715961
715962
715963
715964
715965
715966
715967
715968
715969
715970
715971
715972
715973
715974
715975
715976
715977
715978
715979
715980
715981
715982
715983
715984
715985
715986
715987
715988
715989
715990
715991
715992
715993
715994
715995
715996
715997
715998
715999
716000
716001
716002
716003
716004
716005
716006
716007
716008
716009
716010
716011
716012
716013
72697P
72747P
72808P
72809P
72810P
72811P
72812P
72832P
72833P
73023P
73024P
73047P
73051P
73069P
73103P
73127P
73133P
73134P
73143P
73149P
73154P
73162P
73178P
73182P
73198P
73205P
73206P
73212P
73213P
73214P
73215P
73216P
73217P
73218P
73219P
73220P
73221P
73222P
73223P
73224P
73225P
73226P
73227P
73228P
73229P
73230P
73231P
73232P
73233P
73234P
73235P
73236P
73237P
73238P
73239P
73240P
73241P
73242P
73243P
73244P
73245P
73246P
73247P
73248P
73249P
73250P
73251P
73252P
73253P
73254P
73255P
73256P
73257P
73258P
73259P
73260P
73261P
73262P
73263P
73264P
73265P
73266P
73267P
73268P
73269P
73270P
73271P
73272P
73273P
73274P
73275P
73276P
73277P
73278P
73279P
73280P
73281P
73282P
73283P
73284P
73285P
73286P
73287P
73288P
73289P
73290P
73291P
73292P
73293P
73294P
73295P
73296P
73297P
73298P
73299P
73300P
73301P
73302P
73303P
73304P
73305P
73306P
73307P
73308P
73309P
73310P
73311P
73312P
73313P
73314P
73315P
73316P
73317P
73318P
73319P
73320P
73321P
73322P
73323P
73324P
73325P
73326P
73327P
73328P
73329P
73330P
73331P
73332P
73333P
73334P
73335P
73336P
73337P
73338P
73339P
73340P
73341P
73342P
73343P
73344P
73345P
73346P
73347P
73348P
73349P
73350P
73351P
73352P
73353P
73354P
73355P
73356P
73357P
73358P
73359P
73360P
73361P
73362P
73363P
73364P
73365P
73366P
73367P
73368P
73369P
73370P
73371P
73372P
73373P
73374P
73375P
73376P
73377P
73378P
73379P
73380P
73381P
73382P
73383P
73384P
73385P
73386P
73387P
73388P
73389P
73390P
73391P
73392P
73393P
73394P
73395P
73396P
73397P
73398P
73399P
73400P
73401P
73402P
73403P
73404P
73405P
73406P
73407P
73408P
73409P
73410P
73411P
73412P
73413P
73414P
73415P
73416P
73417P
73418P
73419P
73420P
73421P
73422P
73423P
73424P
73425P
73426P
73427P
73428P
73429P
73430P
73431P
73432P
73433P
73434P
73435P
73436P
73437P
73438P
73439P
73440P
73441P
73442P
73443P
73444P
73445P
73446P
73447P
73448P
73449P
73450P
73451P
73452P
73453P
73454P
73455P
73456P
73457P
73458P
73459P
73460P
73461P
73462P
73463P
73464P
73465P
73466P
73467P
73468P
73469P
73470P
73471P
73472P
73473P
73474P
73475P
73476P
73477P
73478P
73479P
73480P
73481P
73482P
73483P
73484P
73485P
73486P
73487P
73488P
73489P
73490P
73491P
73492P
73493P
73494P
73495P
73496P
73497P
73498P
73499P
73500P
73501P
73502P
73503P
73504P
73505P
73506P
73507P
73508P
73509P
73510P
73511P
73512P
73513P
73514P
73515P
73516P
73517P
73518P
73519P
73520P
73521P
73522P
73523P
73524P
73525P
73526P
73527P
73528P
73529P
73530P
73531P
73532P
73533P
73534P
73535P
73536P
73537P
73538P
73539P
73540P
73541P
73542P
73543P
73544P
73545P
73546P
73547P
73548P
73549P
73550P
73551P
73552P
73553P
73554P
73555P
73556P
73557P
73558P
73559P
73560P
73561P
73562P
73563P
73564P
73565P
73566P
73567P
73568P
73569P
73570P
73571P
73572P
73573P
73574P
73575P
73576P
73577P
73578P
73579P
73580P
73581P
73582P
73583P
73584P
73585P
73586P
73587P
73588P
73589P
73590P
73591P
73592P
73593P
73594P
73595P
73596P
73597P
73598P
73599P
73600P
73601P
73602P
73603P
73604P
73605P
73606P
73607P
73608P
73609P
73610P
73611P
73612P
73613P
73614P
73615P
73616P
73617P
73618P
73619P
73620P
73621P
73622P
73623P
73624P
73625P
73626P
73627P
73628P
73629P
73630P
73631P
73632P
73633P
73634P
73635P
73636P
73637P
73638P
73639P
73640P
73641P
73642P
73643P
73644P
73645P
73646P
73647P
73648P
73649P
73650P
73651P
73652P
73653P
73654P
73655P
73656P
73657P
73658P
73659P
73660P
73661P
73662P
73663P
73664P
73665P
73666P
73667P
73668P
73669P
73670P
73671P
73672P
73673P
73674P
006201
00679B
00687B
00694B
00695B
00696B
00697B
00718B
00719B
00720B
00721B
00722B
00723B
00724B
00725B
00726B
00727B
00734B
00740B
00741B
00744B
00745B
00746B
00747B
00748B
00749B
00750B
00751B
00754B
00755B
00756B
00758B
00759B
00760B
00761B
00764B
00765B
00768B
00772B
00773B
00777B
00778B
00779B
00780B
00781B
00782B
00784B
00785B
00786B
00787B
00788B
00789B
00790B
00791B
00792B
00793B
00794B
00795B
00796B
00799B
00831B
00832B
00833B
00834B
00836B
00838B
00839B
00840B
00841B
00842B
00843B
00844B
00845B
00846B
00847B
00848B
00849B
00853B
00854B
00855B
00856B
00857B
00858
00859B
00860B
00862B
00863B
00864B
00867B
00868B
00869B
00870B
00871B
00872B
00873B
00874B
00877
00879B
00880B
1240
1258
1259
1264
1268
1336
1565
1569
1570
1580
1584
1586
1591
1593
1595
1597
1599
1742
1752
1777
1781
1784
1785
1788
1796
1799
1813
1815
2035
2061
2063
2064
2065
2066
2067
2070
2221
2230
2235
2596
2640
2641
2643
2718
2719
2724
2726
2729
2732
2734
2736
2740
2743
2745
2752
2754
2916
2924
2926
2928
2937
3064
3066
3067
3071
3073
3078
3081
3083
3085
3086
3088
3089
3092
3093
3095
3105
3114
3115
3118
3122
3128
3131
3141
3144
3147
3152
3162
3163
3169
3171
3176
3178
3188
3191
3202
3205
3206
3207
3211
3213
3217
3218
3219
3221
3224
3226
3227
3228
3230
3232
3234
3236
3252
3259
3260
3264
3265
3268
3272
3276
3284
3285
3287
3288
3289
3290
3293
3294
3297
3303
3306
3310
3313
3317
3322
3323
3324
3325
3332
3339
3354
3360
3362
3363
3372
3373
3374
3379
3388
3390
3402
3426
3434
3438
3441
3444
3455
3465
3466
3479
3483
3484
3489
3490
3491
3492
3498
3499
3508
3511
3512
3516
3520
3521
3522
3523
3526
3527
3529
3531
3537
3540
3541
3546
3548
3551
3552
3555
3556
3558
3564
3567
3570
3577
3580
3581
3587
3594
3597
3609
3611
3615
3623
3624
3625
3628
3629
3630
3631
3632
3642
3646
3652
3663
3664
3666
3672
3675
3680
3684
3685
3687
3689
3691
3693
3707
3709
3710
3713
4102
4105
4107
4109
4111
4113
4114
4116
4120
4121
4123
4126
4127
4128
4129
4130
4131
4138
4139
4147
4152
4153
4154
4157
4160
4161
4162
4163
4167
4168
4171
4173
4174
4175
4183
4188
4192
4198
4205
4207
4303
4304
4305
4401
4402
4406
4413
4416
4417
4419
4420
4429
4430
4432
4433
4502
4503
4506
4510
4513
4523
4527
4528
4529
4530
4533
4534
4535
4538
4541
4542
4543
4549
4550
4554
4556
4561
4563
4568
4580
4609
4702
4706
4707
4711
4712
4714
4716
4721
4726
4728
4729
4735
4736
4741
4743
4744
4745
4747
4754
4760
4767
4803
4804
4806
4903
4905
4907
4908
4909
4911
4924
4931
4933
4939
4944
4945
4946
4950
4953
4966
4971
4972
4973
4974
4979
4987
4991
4995
5009
5011
5013
5014
5015
5016
5102
5201
5202
5205
5206
5209
5210
5211
5212
5213
5220
5223
5227
5230
5245
5251
5263
5272
5274
5276
5278
5281
5287
5289
5291
5299
5301
5302
5306
5309
5310
5312
5314
5315
5321
5324
5328
5340
5344
5345
5347
5348
5351
5353
5355
5356
5364
5371
5381
5383
5386
5392
5398
5403
5410
5425
5426
5432
5438
5439
5443
5450
5452
5455
5457
5460
5464
5465
5468
5474
5475
5478
5481
5483
5487
5488
5489
5490
5493
5498
5508
5511
5512
5514
5516
5520
5523
5529
5530
5536
5543
5601
5603
5604
5609
5701
5703
5704
5820
5864
5878
5902
5903
5904
5905
6015
6016
6020
6021
6023
6026
6101
6103
6104
6109
6111
6113
6114
6118
6121
6122
6123
6124
6125
6126
6127
6129
6130
6134
6138
6140
6143
6144
6146
6147
6148
6150
6151
6154
6156
6158
6160
6161
6163
6167
6169
6170
6171
6173
6174
6175
6179
6180
6182
6185
6186
6187
6188
6190
6194
6195
6198
6199
6203
6204
6207
6208
6210
6212
6217
6218
6219
6220
6221
6222
6223
6227
6228
6229
6231
6233
6234
6236
6237
6240
6241
6242
6244
6245
6246
6247
6248
6259
6261
6263
6264
6265
6266
6270
6274
6275
6276
6279
6284
6287
6290
6291
6292
6294
6404
6411
6417
6418
6419
6425
6426
6432
6435
6438
6441
6446
6457
6461
6462
6465
6469
6470
6472
6482
6485
6486
6488
6492
6494
6496
6499
6506
6508
6509
6510
6512
6514
6516
6523
6527
6530
6532
6535
6538
6542
6547
6548
6556
6560
6561
6568
6569
6570
6574
6576
6577
6578
6588
6589
6590
6593
6594
6596
6603
6609
6612
6613
6615
6616
6624
6629
6640
6642
6643
6649
6654
6662
6664
6667
6679
6680
6683
6690
6697
6703
6716
6732
6803
7402
7556
8024
8027
8032
8034
8038
8040
8042
8043
8044
8047
8048
8049
8050
8054
8059
8064
8066
8067
8068
8069
8071
8074
8076
8077
8080
8083
8084
8085
8086
8087
8088
8089
8091
8092
8093
8096
8097
8099
8107
8109
8111
8121
8147
8155
8171
8176
8182
8183
8234
8240
8255
8277
8279
8284
8289
8291
8299
8342
8349
8354
8358
8383
8390
8401
8403
8406
8409
8410
8415
8416
8418
8420
8421
8423
8424
8426
8431
8432
8433
8435
8436
8437
8440
8444
8446
8450
8455
8472
8476
8477
8489
8905
8906
8908
8916
8917
8921
8923
8924
8927
8928
8929
8930
8931
8932
8933
8935
8936
8937
8938
8941
8942
9949
9950
9951
9960
9962
4129A
8349A
8916A
911613
01014S
01015S
01016S
01017S
01107S
01108S
01109S
01110S
01111S
01112S